15 48 35 20 59 51 19 47 53 40 14 39 13 30 27 41 58 1 7 45 46 44 28 29 16 23 22 10 26 25 12 56 31 21 4 37 43 2 55 54 52 0 36 42 33 6 3 18 17 8 5 50 9 49 11 57 32 38 24 34
38 55 6 56 7 11 24 21 9 54 20 52 48 0 36 12 45 30 22 37 43 4 44 16 2 35 59 32 47 19 57 14 46 26 28 58 31 29 13 50 49 1 3 10 18 23 27 34 15 51 53 40 5 39 8 41 42 17 25 33
49 56 7 55 6 45 42 41 18 46 13 17 14 29 28 47 11 16 35 51 40 3 27 30 1 22 23 25 12 10 26 48 54 57 36 8 50 0 20 31 38 2 4 19 9 59 44 53 39 37 34 43 33 15 58 21 24 52 32 5
10 7 56 6 55 57 41 42 32 35 51 59 53 40 39 31 26 33 46 13 29 2 8 5 4 54 52 9 50 49 11 34 22 45 15 27 12 43 37 47 19 3 1 38 25 17 58 14 28 20 48 0 16 36 44 24 21 23 18 30
19 6 55 7 56 26 21 24 25 22 37 23 34 43 15 50 57 5 54 20 0 1 58 33 3 46 17 18 31 38 45 53 35 11 39 44 47 40 51 12 10 4 2 49 32 52 8 48 36 13 14 29 30 28 27 42 41 59 9 16
59 51 52 53 54 27 9 11 30 12 7 10 6 4 2 45 20 43 17 44 47 39 1 3 40 55 56 41 24 21 42 37 0 31 58 57 35 33 34 29 28 5 8 18 48 46 15 16 19 26 25 22 14 23 13 50 49 36 38 32
51 42 21 41 24 23 3 1 22 27 0 30 36 19 47 34 52 45 58 40 49 56 32 57 55 44 16 35 48 20 59 15 8 17 31 9 53 38 43 14 13 6 7 37 54 33 18 39 50 29 28 10 26 12 25 4 2 5 46 11
37 24 41 21 42 59 4 2 35 44 29 16 28 10 12 53 17 11 8 43 38 55 25 26 56 27 30 22 14 13 23 39 58 52 50 18 34 49 40 48 20 7 6 51 46 5 9 15 31 0 36 19 57 47 32 3 1 33 54 45
18 54 53 52 51 42 50 49 41 55 26 56 25 22 23 35 31 32 0 34 33 40 13 14 39 12 10 30 29 28 27 16 17 20 19 15 45 47 44 24 21 8 5 59 38 36 57 37 58 7 6 4 3 2 1 9 11 46 48 43
22 8 39 5 40 3 53 51 1 41 59 42 35 44 16 58 14 46 38 28 26 49 0 36 50 48 20 57 19 47 32 45 30 43 37 12 23 34 18 2 4 9 11 33 13 31 17 29 25 21 24 7 56 6 55 54 52 27 15 10
31 28 27 29 30 0 13 14 36 19 39 47 40 11 9 3 18 7 42 17 58 25 50 49 26 5 8 51 52 54 53 21 34 2 55 43 38 56 24 44 16 10 12 1 45 41 6 46 33 32 57 48 35 20 59 23 22 37 4 15
33 40 5 39 8 32 54 52 57 48 21 20 24 7 6 23 43 10 30 18 34 50 55 56 49 41 42 1 2 4 3 29 38 14 25 17 58 26 28 19 47 11 9 22 15 27 12 45 37 59 35 44 36 16 0 53 51 31 13 46
1 30 29 27 28 53 23 22 51 5 32 8 57 48 20 38 2 15 34 24 56 26 59 35 25 19 47 36 44 16 0 46 42 18 33 6 3 58 17 52 54 12 10 31 4 37 43 21 55 39 40 11 49 9 50 13 14 41 45 7
48 12 25 10 26 49 29 28 50 51 31 53 38 17 46 55 35 41 4 16 32 22 34 37 23 45 18 43 33 58 15 3 36 7 21 19 20 24 1 9 11 13 14 56 59 2 42 44 57 54 52 39 8 40 5 30 27 0 6 47
56 26 10 25 12 15 30 27 43 45 54 18 52 39 40 20 7 47 36 1 24 23 5 8 22 51 53 50 9 11 49 44 4 35 57 42 55 32 16 33 58 14 13 48 6 0 19 3 21 31 38 17 37 46 34 29 28 2 59 41
41 17 37 46 34 50 45 18 49 52 27 54 30 12 10 0 24 48 47 6 3 33 26 25 58 29 28 14 22 23 13 32 56 44 59 2 42 35 57 11 9 15 43 36 21 19 20 7 1 53 51 5 40 8 39 38 31 55 16 4
52 20 59 48 35 58 32 57 33 31 55 38 56 2 4 26 51 29 23 8 50 36 3 1 0 7 6 24 41 42 21 13 40 12 27 11 54 30 14 43 15 16 44 25 53 22 28 5 49 45 18 46 34 17 37 47 19 39 10 9
57 38 45 31 18 54 58 33 52 39 3 40 1 41 42 30 19 13 26 35 36 34 21 24 37 2 4 56 7 6 55 10 20 28 22 16 32 23 12 51 53 17 46 27 47 25 14 59 0 5 8 9 50 11 49 15 43 48 29 44
35 58 15 33 43 4 34 37 2 21 23 24 22 27 30 8 48 54 49 36 57 38 29 28 31 14 13 26 10 12 25 11 16 40 51 47 59 53 9 1 3 18 45 5 20 50 52 0 32 41 42 6 55 7 56 46 17 44 39 19
50 36 44 0 16 29 20 48 28 10 15 12 43 45 18 4 9 6 24 52 8 32 31 38 57 33 58 37 17 46 34 41 53 1 56 40 49 55 42 27 30 19 47 2 11 21 7 54 5 25 26 14 22 13 23 59 35 51 3 39
14 47 32 19 57 38 0 36 31 37 50 34 49 52 54 56 22 21 3 30 25 35 53 51 59 11 9 40 5 8 39 4 28 6 41 10 13 42 2 18 45 20 48 55 23 1 24 27 26 46 17 15 58 43 33 16 44 29 7 12
29 2 1 4 3 33 7 6 58 18 19 45 47 20 48 39 30 52 9 10 13 41 35 59 42 32 57 44 36 0 16 50 25 5 53 22 28 51 49 15 43 21 24 40 27 11 54 12 14 38 31 37 17 34 46 56 55 26 8 23
58 25 12 26 10 7 28 29 6 4 16 2 44 32 57 9 15 8 51 31 17 13 19 47 14 36 0 59 20 48 35 52 45 49 40 34 33 39 54 55 56 22 23 11 43 53 5 38 46 1 3 24 41 21 42 27 30 18 50 37
11 10 26 12 25 35 27 30 59 36 1 0 3 24 21 33 49 37 45 54 39 14 42 41 13 4 2 6 55 56 7 38 51 15 46 5 9 17 31 20 48 23 22 58 50 18 34 52 40 16 44 32 47 57 19 28 29 53 43 8
40 3 4 1 2 16 56 55 44 32 38 57 31 37 34 28 5 23 25 49 51 42 46 17 41 18 45 58 15 43 33 12 9 30 14 54 39 13 10 36 0 24 21 29 8 26 22 50 53 19 47 20 59 48 35 7 6 11 27 52
54 27 28 30 29 2 14 13 4 42 17 41 46 58 33 44 53 35 19 39 11 10 43 15 12 34 37 45 38 31 18 57 5 0 20 50 52 48 32 3 1 25 26 16 51 47 59 40 9 24 21 56 7 55 6 22 23 8 36 49
16 29 30 28 27 18 22 23 45 34 24 37 21 56 55 52 0 49 5 32 48 12 6 7 10 42 41 4 3 1 2 40 19 53 9 59 44 11 39 38 31 26 25 54 36 8 50 57 20 17 46 58 15 33 43 14 13 47 51 35
32 22 14 23 13 41 12 10 42 6 11 7 9 54 52 46 47 18 43 48 16 29 51 53 28 50 49 5 40 39 8 33 59 37 38 36 57 31 58 21 24 27 30 17 19 15 45 20 44 56 55 1 2 3 4 25 26 35 34 0
24 23 13 22 14 47 26 25 19 59 58 35 33 31 38 40 41 53 50 56 1 30 45 18 27 43 15 34 46 17 37 9 6 8 52 4 21 54 11 57 32 28 29 39 42 49 51 55 3 48 20 16 0 44 36 10 12 7 5 2
39 14 22 13 23 37 10 12 34 43 48 15 20 16 44 21 8 2 6 11 54 27 36 0 30 59 35 19 57 32 47 55 50 41 3 51 40 1 56 46 17 29 28 24 5 7 4 9 52 58 33 31 18 38 45 26 25 49 42 53
17 13 23 14 22 8 25 26 5 50 56 49 55 1 3 57 37 0 59 58 31 28 4 2 29 6 7 42 21 24 41 20 43 47 44 45 46 16 48 40 39 30 27 32 34 35 36 33 38 11 9 54 53 52 51 12 10 15 19 18
3 33 43 58 15 48 17 46 20 16 9 44 11 53 51 10 4 28 14 41 6 45 52 54 18 49 50 39 8 5 40 22 21 25 30 56 1 27 23 59 35 31 38 12 2 13 29 42 7 36 0 57 19 32 47 37 34 24 26 55
46 44 36 16 0 1 48 20 3 24 52 21 54 8 5 27 34 22 10 15 45 19 40 39 47 53 51 11 49 50 9 26 33 29 13 31 17 14 25 4 2 32 57 30 37 12 23 43 18 42 41 55 6 56 7 35 59 58 28 38
23 37 17 34 46 44 18 45 16 47 6 19 7 3 1 11 13 40 52 27 12 15 2 4 43 56 55 21 42 41 24 51 29 50 8 26 22 5 53 0 36 33 58 9 14 54 39 30 10 57 32 35 48 59 20 31 38 28 49 25
6 45 38 18 31 28 33 58 29 26 35 25 59 36 0 51 55 50 39 3 41 17 16 44 46 20 48 47 32 57 19 8 2 54 11 21 7 9 5 30 27 34 37 53 56 40 49 1 42 12 10 23 13 22 14 43 15 4 52 24
8 32 47 57 19 6 36 0 7 3 30 1 27 25 26 18 39 58 37 50 52 20 10 12 48 28 29 23 13 14 22 17 11 38 43 53 5 15 46 56 55 35 59 45 40 34 33 49 54 2 4 42 21 41 24 44 16 9 31 51
42 59 20 35 48 12 57 32 10 23 8 22 5 50 49 43 21 34 31 55 2 16 11 9 44 40 39 53 54 52 51 18 7 58 17 3 41 46 45 26 25 36 0 15 24 38 37 56 4 14 13 30 29 27 28 19 47 6 33 1
53 31 18 38 45 19 43 15 47 20 12 48 10 23 22 7 54 24 2 5 9 46 14 13 17 26 25 29 30 27 28 1 39 55 42 49 51 41 3 32 57 37 34 6 52 4 21 8 11 35 59 36 44 0 16 33 58 40 56 50
12 15 58 43 33 40 37 34 39 49 36 50 0 57 32 1 25 55 21 23 27 18 47 19 45 16 44 20 59 35 48 42 14 4 7 29 10 6 41 8 5 38 31 3 26 24 56 22 30 9 11 53 54 51 52 17 46 13 2 28
21 52 51 54 53 31 11 9 38 17 44 46 16 47 19 29 42 14 12 7 4 5 57 32 8 0 36 48 35 59 20 25 55 27 23 1 24 22 26 45 18 39 40 28 41 10 13 6 2 34 37 33 43 58 15 49 50 56 30 3
28 53 54 51 52 20 49 50 48 0 34 36 37 33 58 24 27 3 55 26 22 8 15 43 5 17 46 38 45 18 31 6 12 42 2 13 29 4 7 35 59 40 39 21 30 56 1 25 23 44 16 47 32 19 57 11 9 10 41 14
0 1 2 3 4 5 6 7 8 9 10 11 12 13 14 15 16 17 18 19 20 21 22 23 24 25 26 27 28 29 30 31 32 33 34 35 36 37 38 39 40 41 42 43 44 45 46 47 48 49 50 51 52 53 54 55 56 57 58 59
43 4 3 2 1 30 55 56 27 25 49 26 50 51 53 36 33 59 32 38 37 24 54 52 21 9 11 8 39 40 5 47 18 16 48 46 15 20 19 28 29 42 41 0 58 57 35 31 34 10 12 13 23 14 22 6 7 45 44 17
36 34 46 37 17 13 38 31 14 29 53 28 51 5 8 42 44 4 56 57 35 58 39 40 33 52 54 49 11 9 50 7 47 24 1 20 0 3 6 22 23 43 15 41 16 55 2 32 59 27 30 12 25 10 26 45 18 19 21 48
25 35 48 59 20 21 47 19 24 7 45 6 18 46 17 54 12 9 40 14 30 0 37 34 36 31 38 33 43 15 58 5 23 51 49 28 26 50 8 41 42 44 16 52 10 39 11 13 27 55 56 2 1 4 3 32 57 22 53 29
5 43 33 15 58 25 46 17 26 14 41 13 42 6 7 59 40 19 16 9 53 31 56 55 38 21 24 2 1 3 4 0 49 48 32 52 8 57 36 10 12 45 18 35 39 44 47 11 51 23 22 27 28 30 29 34 37 50 20 54
27 18 31 45 38 55 15 43 56 2 5 4 8 9 11 32 28 44 20 12 23 37 49 50 34 39 40 52 51 53 54 59 26 19 0 14 30 36 35 7 6 46 17 57 29 48 16 10 22 3 1 41 24 42 21 58 33 25 47 13
2 16 0 44 36 34 59 35 37 33 25 58 26 14 13 49 1 39 53 42 55 57 23 22 32 10 12 28 27 30 29 54 24 9 5 7 4 8 52 17 46 47 19 50 3 51 40 41 56 15 43 45 38 18 31 20 48 21 11 6
55 57 19 32 47 39 16 44 40 11 46 9 17 15 43 13 6 12 28 2 42 59 33 58 35 37 34 31 18 45 38 27 3 22 26 24 56 25 30 5 8 48 20 14 7 29 10 4 41 50 49 52 51 54 53 0 36 1 23 21
47 39 8 40 5 43 51 53 15 38 28 31 29 26 25 2 32 56 41 59 44 9 12 10 11 30 27 13 23 22 14 24 48 3 6 0 19 7 21 58 33 49 50 4 57 42 55 35 16 18 45 34 46 37 17 52 54 20 1 36
4 5 40 8 39 14 52 54 13 30 18 27 45 34 37 19 3 36 48 21 7 11 17 46 9 38 31 15 58 33 43 35 41 32 16 55 2 44 59 23 22 50 49 47 1 20 0 24 6 28 29 26 10 25 12 51 53 42 57 56
34 50 9 49 11 10 40 39 12 13 47 14 19 59 35 6 46 42 1 33 18 54 48 20 52 57 32 0 16 44 36 2 15 56 24 38 37 21 4 25 26 51 53 7 17 3 41 58 45 22 23 28 27 29 30 5 8 43 55 31
26 49 11 50 9 46 8 5 17 15 4 43 2 21 24 16 10 20 57 22 28 53 41 42 51 1 3 55 6 7 56 19 13 36 35 30 25 59 47 37 34 52 54 44 12 32 48 23 29 33 58 18 31 45 38 39 40 14 0 27
7 11 49 9 50 36 5 8 0 57 22 32 23 28 29 37 56 31 15 4 21 52 30 27 54 13 14 12 25 26 10 58 1 46 45 41 6 18 33 16 44 53 51 34 55 43 38 2 24 47 19 59 20 35 48 40 39 3 17 42
44 9 50 11 49 56 39 40 55 1 33 3 58 18 45 25 36 27 13 47 59 51 38 31 53 15 43 17 37 34 46 23 57 10 29 48 16 28 22 6 7 54 52 26 0 14 30 19 35 4 2 21 42 24 41 8 5 32 12 20
13 41 24 42 21 52 2 4 54 8 43 5 15 38 31 48 23 57 44 29 10 7 18 45 6 58 33 46 34 37 17 36 27 59 47 25 14 19 0 53 51 55 56 20 22 16 32 28 12 40 39 49 11 50 9 1 3 30 35 26
20 21 42 24 41 17 1 3 46 58 40 33 39 49 50 14 59 26 27 0 19 6 9 11 7 8 5 54 53 51 52 28 44 23 12 32 48 10 29 34 37 56 55 13 35 30 25 36 47 43 15 38 45 31 18 2 4 16 22 57
30 0 16 36 44 9 35 59 11 53 42 51 41 55 56 17 29 38 33 25 14 47 7 6 19 24 21 3 4 2 1 43 10 34 18 23 27 45 15 49 50 57 32 46 28 58 31 26 13 52 54 8 39 5 40 48 20 12 37 22
9 46 34 17 37 24 31 38 21 56 57 55 32 35 59 22 50 25 29 53 5 43 20 48 15 47 19 16 0 36 44 30 52 13 10 39 11 12 27 42 41 58 33 23 49 28 26 51 8 6 7 3 4 1 2 18 45 54 14 40
45 19 57 47 32 22 44 16 23 28 2 29 4 42 41 5 38 51 11 46 15 48 24 21 20 3 1 7 56 55 6 49 37 39 54 33 18 52 50 13 14 59 35 8 31 9 53 17 43 30 27 25 12 26 10 36 0 34 40 58
