9 12 11 13 1 3 0 2 17 6 16 7 4 5 18 19 20 22 23 21 10 15 8 14
4 6 5 7 0 2 1 3 10 12 8 13 9 11 15 14 22 20 21 23 17 18 16 19
16 19 17 18 3 1 2 0 11 14 9 15 8 10 13 12 21 23 22 20 5 7 4 6
8 14 10 15 2 0 3 1 5 19 4 18 16 17 7 6 23 21 20 22 11 13 9 12
12 9 13 11 6 7 4 5 20 1 22 3 0 2 21 23 17 16 19 18 8 14 10 15
22 23 20 21 7 6 5 4 13 15 12 14 10 8 11 9 18 19 16 17 2 3 0 1
0 1 2 3 4 5 6 7 8 9 10 11 12 13 14 15 16 17 18 19 20 21 22 23
10 15 8 14 5 4 7 6 2 23 0 21 22 20 3 1 19 18 17 16 13 11 12 9
19 16 18 17 14 15 8 10 21 3 23 1 2 0 20 22 11 9 12 13 4 6 5 7
6 4 7 5 12 13 9 11 22 0 20 2 1 3 23 21 10 8 14 15 16 19 17 18
23 22 21 20 15 14 10 8 18 7 19 6 5 4 17 16 13 12 9 11 0 1 2 3
20 21 22 23 13 12 11 9 7 18 6 19 17 16 5 4 15 14 8 10 3 2 1 0
1 0 3 2 9 11 12 13 16 4 17 5 6 7 19 18 8 10 15 14 22 23 20 21
17 18 16 19 11 9 13 12 3 21 1 23 20 22 2 0 14 15 10 8 7 5 6 4
2 3 0 1 8 10 14 15 4 16 5 17 19 18 6 7 9 11 13 12 21 20 23 22
5 7 4 6 10 8 15 14 0 22 2 20 23 21 1 3 12 13 11 9 18 17 19 16
14 8 15 10 19 18 16 17 23 2 21 0 3 1 22 20 5 4 6 7 9 12 11 13
21 20 23 22 18 19 17 16 15 13 14 12 11 9 10 8 7 6 4 5 1 0 3 2
11 13 9 12 17 16 18 19 1 20 3 22 21 23 0 2 6 7 5 4 15 10 14 8
3 2 1 0 16 17 19 18 9 8 11 10 14 15 12 13 4 5 7 6 23 22 21 20
18 17 19 16 21 23 20 22 14 11 15 9 13 12 8 10 3 1 0 2 6 4 7 5
13 11 12 9 20 22 21 23 6 17 7 16 18 19 4 5 1 3 2 0 14 8 15 10
15 10 14 8 23 21 22 20 19 5 18 4 7 6 16 17 2 0 1 3 12 9 13 11
7 5 6 4 22 20 23 21 12 10 13 8 15 14 9 11 0 2 3 1 19 16 18 17
