63 96 118 16 60 104 20 67 50 25 18 76 44 37 55 71 21 57 27 80 109 103 74 17 14 1 64 92 6 36 87 58 5 66 42 40 119 88 106 33 47 13 54 19 105 0 114 94 112 30 110 116 90 102 61 53 68 32 38 99 45 11 108 101 70 107 43 2 77 31 22 49 73 115 86 69 34 78 48 24 39 95 8 62 41 82 26 93 100 98 9 97 59 15 91 89 52 35 65 10 84 4 79 113 23 29 75 81 72 51 111 85 56 117 7 83 28 3 46 12
31 13 50 89 20 59 76 105 25 12 36 66 81 45 58 2 37 41 17 49 106 48 82 14 43 73 55 11 77 96 85 116 75 60 47 57 56 70 119 53 107 18 99 95 92 1 34 46 87 63 15 64 111 65 51 110 10 115 23 88 93 67 52 19 54 39 27 97 117 7 16 68 28 8 6 102 74 72 44 22 42 9 79 112 113 114 84 21 5 91 101 3 78 33 108 24 98 61 29 80 90 100 32 40 94 69 4 103 104 83 26 62 109 86 30 35 0 71 38 118
98 35 57 63 113 7 44 21 43 20 53 50 34 11 49 27 29 110 118 91 47 5 48 3 6 92 18 115 19 116 100 97 112 32 84 66 111 31 41 51 75 71 108 78 24 2 4 9 69 72 13 52 39 62 36 119 64 45 77 87 83 0 10 23 65 56 1 96 17 22 67 38 14 76 25 93 95 89 8 59 85 86 105 107 12 104 106 79 82 58 114 28 74 40 30 73 70 37 61 90 94 42 103 109 80 88 81 60 101 102 68 54 33 46 99 15 16 55 26 117
108 51 113 7 57 63 103 45 17 66 15 12 82 105 10 14 102 33 25 52 39 4 81 2 117 67 96 79 9 55 75 71 85 8 111 20 84 30 40 35 100 97 98 104 16 3 5 19 65 59 36 91 47 87 13 109 58 21 86 62 61 73 49 46 69 106 28 18 43 89 92 94 27 60 118 37 101 22 32 72 112 77 11 42 50 78 56 115 34 64 74 1 114 41 31 0 99 93 83 26 38 107 44 119 68 54 48 76 95 29 80 88 110 23 70 53 24 116 90 6
60 9 7 113 63 57 116 46 85 52 59 54 36 84 79 87 117 104 99 66 28 3 64 5 102 90 74 10 51 44 71 75 17 80 11 91 105 41 31 19 97 100 76 33 119 4 2 35 77 15 82 20 1 14 34 24 48 23 69 27 101 42 115 45 86 89 39 114 112 106 26 93 62 108 70 38 61 56 68 53 43 65 111 73 88 110 22 49 13 81 96 47 18 30 40 107 25 94 95 92 37 0 55 16 32 12 58 98 83 6 8 50 78 21 118 72 109 103 67 29
76 19 63 57 7 113 55 23 112 91 72 88 13 111 115 62 6 78 70 20 1 2 58 4 29 26 114 49 35 103 97 100 43 68 105 52 11 40 30 9 71 75 60 110 109 5 3 51 86 53 34 66 28 27 82 16 81 46 65 14 95 107 79 21 77 22 47 74 85 56 90 37 87 98 99 94 83 106 80 15 17 69 84 0 54 33 89 10 36 48 18 39 96 31 41 42 118 38 101 67 93 73 116 24 8 50 64 108 61 117 32 12 104 45 25 59 119 44 92 102
87 119 44 74 43 73 45 76 46 110 37 109 112 103 70 16 15 47 19 18 68 95 42 92 57 63 28 29 26 27 56 53 84 34 33 117 75 10 51 71 54 52 22 4 2 6 8 17 108 67 102 38 41 31 40 66 30 24 114 61 88 59 97 25 100 94 55 49 20 101 14 39 96 5 3 36 7 99 113 98 81 80 83 82 32 86 85 0 60 90 89 118 23 111 65 21 72 62 79 77 64 69 50 13 106 107 104 105 48 11 9 93 12 78 58 116 115 35 91 1
95 91 23 45 21 46 119 3 33 28 14 82 11 54 15 10 44 8 67 47 35 57 77 113 116 18 99 72 66 109 37 94 78 17 88 39 50 75 100 20 38 93 83 68 102 7 63 52 106 62 84 1 19 115 105 29 86 4 56 49 73 60 59 5 89 48 9 25 104 64 114 31 79 61 90 30 107 81 85 27 110 22 12 98 36 32 58 53 111 69 118 51 70 97 71 108 26 41 42 96 40 76 16 6 43 13 65 101 0 55 112 34 80 2 92 87 117 24 74 103
105 17 73 43 74 44 27 78 81 38 98 93 40 33 0 61 1 86 58 117 118 92 30 95 11 77 23 97 71 45 52 54 20 106 103 18 83 51 10 26 53 56 5 12 66 8 6 119 114 116 60 110 55 96 112 2 42 25 108 16 48 69 29 24 80 99 41 89 84 85 91 36 31 22 72 39 79 94 9 37 46 100 75 21 107 47 101 70 102 104 49 68 28 65 111 82 3 64 7 63 62 59 35 115 34 32 90 87 88 57 113 109 4 76 19 67 13 50 14 15
75 84 82 81 28 27 61 12 90 36 105 39 65 4 69 7 41 100 104 15 58 77 111 79 33 108 24 54 56 25 110 109 38 101 35 23 48 26 29 14 98 99 92 107 18 9 11 2 49 45 87 86 50 89 20 8 59 72 5 13 30 114 1 66 34 19 10 94 103 46 117 112 51 85 116 55 70 62 119 64 76 52 53 78 21 118 88 3 57 47 0 113 68 80 83 102 95 42 44 43 96 37 17 97 40 106 63 16 32 73 74 115 6 22 71 91 60 93 31 67
26 87 39 62 36 64 85 53 116 21 20 23 63 72 47 9 42 29 103 69 88 111 57 51 90 102 93 4 5 94 76 25 98 16 58 82 19 95 8 105 78 24 71 70 108 10 65 22 13 81 91 59 48 34 14 100 1 54 66 106 55 117 86 56 115 50 7 109 67 27 60 74 113 119 33 73 68 45 61 46 37 2 3 38 28 0 35 12 77 15 32 79 107 6 92 18 75 44 41 40 43 110 101 80 96 49 11 17 118 30 31 89 97 52 83 84 114 99 112 104
16 2 27 28 81 82 25 22 76 86 64 115 20 35 3 13 67 118 71 23 113 79 59 77 73 43 68 1 14 61 99 98 103 40 4 15 53 29 26 56 109 110 85 6 8 11 9 84 5 91 57 36 10 51 65 18 111 66 49 7 32 37 54 72 52 62 50 0 38 88 31 55 89 92 95 112 44 19 74 105 90 34 48 102 106 100 46 69 87 63 94 58 24 83 80 78 116 96 70 108 42 114 93 60 101 21 47 75 30 33 119 39 107 12 104 45 97 17 117 41
102 113 79 9 77 11 67 81 101 56 69 53 39 20 7 105 18 90 94 2 23 72 62 22 60 104 43 51 10 73 26 83 119 100 57 14 87 55 96 58 29 80 78 103 17 12 66 50 63 1 21 84 15 91 106 25 88 28 59 45 85 30 13 27 47 49 36 108 40 34 71 109 64 114 0 110 16 52 118 54 74 111 65 44 48 38 5 89 115 46 31 86 117 42 112 32 24 99 92 95 98 70 41 61 107 4 19 37 75 8 6 35 76 82 68 3 93 33 116 97
116 45 15 91 106 88 74 69 73 81 56 27 9 1 23 50 70 18 41 63 4 87 79 58 95 8 110 66 72 98 114 0 102 93 46 115 10 16 118 65 103 17 80 24 78 13 47 34 21 19 2 54 62 39 64 26 36 35 14 5 33 97 111 49 51 53 11 61 71 105 37 117 77 25 76 32 6 28 92 82 99 12 22 109 86 30 113 48 59 3 100 89 44 60 104 43 29 67 96 42 101 90 75 107 108 7 20 40 94 112 55 52 83 84 85 57 31 68 119 38
99 53 20 59 50 89 32 115 117 57 35 113 5 79 52 28 83 109 6 64 111 34 4 1 118 16 97 21 46 71 107 18 42 44 56 12 47 108 33 13 85 116 31 114 0 14 48 77 54 22 51 49 106 88 15 40 91 105 9 65 29 24 58 86 87 84 3 55 25 72 73 90 2 103 17 61 104 7 60 63 75 23 45 100 66 95 39 11 81 10 78 27 101 119 70 67 30 102 93 38 68 112 76 110 26 62 82 8 74 37 94 69 41 19 98 36 92 96 80 43
96 115 35 49 84 69 78 87 24 4 39 2 46 27 19 66 98 55 119 89 34 88 21 91 74 44 41 57 63 31 101 67 83 102 86 11 52 0 17 54 32 117 94 92 95 15 106 81 105 77 1 62 65 111 10 38 51 13 28 48 109 116 56 58 53 36 45 29 18 79 61 118 23 6 8 60 43 3 73 5 30 113 7 40 9 108 20 82 22 14 85 72 76 103 114 25 37 16 97 100 104 80 107 112 99 59 12 33 90 75 71 64 93 47 42 50 70 26 110 68
72 116 117 67 32 101 113 0 57 43 71 44 8 29 18 55 79 66 1 90 33 60 95 118 3 2 52 24 25 53 69 49 82 50 85 109 41 87 47 40 84 35 65 23 21 16 104 80 107 99 119 97 94 93 37 51 38 103 26 108 11 115 30 114 31 75 6 27 19 98 59 91 92 45 46 88 4 74 5 73 56 78 76 54 110 48 68 83 42 70 86 96 7 13 58 63 10 15 62 64 106 81 105 12 77 61 112 34 89 36 39 100 111 17 22 102 14 28 9 20
54 33 60 104 118 16 79 32 77 40 83 41 100 8 108 73 51 56 86 116 90 114 75 0 12 22 2 93 94 3 47 13 39 48 119 25 42 91 15 96 87 58 63 82 28 17 103 6 70 24 61 80 109 99 110 113 98 67 95 102 65 89 55 117 112 26 97 64 50 78 1 84 71 81 27 35 72 31 66 30 5 38 37 4 76 19 107 92 44 68 59 43 9 106 88 11 7 69 45 46 49 62 20 53 111 85 74 115 34 21 23 29 57 101 52 18 105 36 10 14
64 93 33 108 119 70 82 102 28 103 109 17 101 73 94 25 54 36 113 31 100 85 32 116 9 79 15 60 104 91 34 1 65 21 38 8 80 89 50 29 48 14 49 22 72 18 107 74 37 95 97 99 112 42 55 84 96 61 43 75 53 3 26 68 83 110 67 51 2 92 45 86 117 12 66 115 77 0 11 114 88 118 16 106 6 63 40 44 78 71 5 24 81 20 59 27 69 105 13 47 19 111 4 39 52 30 76 57 46 87 58 98 35 90 62 41 7 10 56 23
100 111 34 48 1 14 83 50 26 13 11 47 69 5 65 63 40 75 78 53 64 86 84 115 110 98 16 88 106 118 33 119 94 95 51 46 81 90 102 27 108 70 67 42 96 19 105 3 10 21 62 77 12 22 66 32 72 59 4 36 31 74 28 20 82 9 49 38 44 23 6 85 35 112 55 116 99 87 109 58 60 91 15 104 45 25 54 2 113 39 73 57 80 68 61 29 101 107 103 17 18 93 43 71 41 56 7 24 8 0 114 79 117 89 97 52 76 37 30 92
93 12 105 86 19 115 0 34 114 111 88 51 56 113 22 21 71 94 80 27 77 89 54 59 32 101 6 36 64 92 68 102 41 42 66 3 69 18 116 49 61 90 74 60 118 20 50 57 72 2 79 106 13 58 47 43 87 14 7 11 100 99 35 1 84 91 53 30 109 4 55 33 52 104 16 119 67 10 117 65 95 39 62 8 5 26 82 63 45 9 98 46 17 85 107 103 73 108 24 78 70 31 110 37 75 81 23 29 112 76 25 15 44 48 38 28 83 40 97 96
73 28 3 2 5 4 117 63 32 19 49 105 50 36 27 53 24 43 96 9 66 45 89 46 16 118 90 14 1 102 31 30 8 110 82 51 13 93 94 47 41 40 107 17 103 21 23 39 81 10 12 35 91 15 88 116 106 113 64 72 76 83 87 7 58 69 20 92 80 65 99 97 59 0 114 100 60 86 104 115 68 48 34 61 111 112 77 62 54 22 26 52 67 37 38 101 18 71 108 70 75 95 29 44 78 11 56 42 98 119 33 84 85 57 74 79 55 6 25 109
78 58 77 11 79 9 41 28 40 14 3 48 115 65 13 64 8 76 0 84 15 66 19 12 97 71 108 89 50 33 29 80 74 118 87 56 57 112 42 113 26 83 102 38 93 22 72 10 47 54 106 2 23 45 21 61 46 81 111 91 92 32 7 82 63 5 86 43 101 52 104 98 105 37 94 99 75 34 100 1 119 59 20 70 53 103 49 51 39 88 117 36 31 96 55 30 68 110 85 116 109 44 67 25 6 35 62 114 16 18 107 4 90 27 24 69 17 73 95 60
42 39 4 5 2 3 102 57 68 35 115 84 88 82 62 72 109 112 74 51 52 46 106 45 119 70 67 87 47 117 40 41 80 78 36 9 34 94 93 1 30 31 0 85 116 23 21 28 64 79 54 19 20 59 50 103 89 7 81 53 98 95 14 113 48 86 91 26 8 77 25 100 15 107 18 97 108 69 33 49 32 58 13 101 11 43 65 27 12 56 92 66 90 38 37 61 114 75 60 118 71 83 6 55 110 111 22 73 76 16 104 105 17 63 96 10 44 29 99 24
59 55 6 92 8 95 57 73 113 17 97 103 32 102 96 116 115 20 28 26 110 76 101 25 2 3 91 16 118 15 65 10 34 12 112 119 40 62 39 41 111 51 69 46 45 24 78 68 42 70 109 71 38 37 93 35 94 44 90 98 105 79 31 74 30 100 117 14 9 108 72 52 67 21 23 54 5 114 4 0 106 104 60 88 33 81 80 61 107 99 77 18 63 36 64 7 49 53 87 58 56 48 11 50 86 83 85 82 22 13 47 75 84 43 89 29 27 1 19 66
69 41 8 95 6 92 11 44 9 119 29 33 107 60 31 67 13 84 23 71 38 78 85 24 66 72 14 61 68 1 111 51 106 4 40 17 112 64 36 55 65 10 59 81 27 25 76 118 30 0 93 26 110 98 109 50 99 73 104 37 87 7 96 43 42 80 18 91 113 114 3 56 116 82 28 53 22 108 12 70 34 90 102 48 103 46 100 16 32 94 63 117 77 39 62 79 89 54 105 19 52 88 57 35 47 75 101 21 5 115 86 83 20 74 49 97 45 15 58 2
56 75 112 42 55 96 88 109 91 102 103 68 108 95 100 74 111 54 4 37 30 80 33 29 47 87 115 107 85 19 12 66 64 7 71 78 104 77 11 16 22 72 14 69 49 26 83 92 97 76 31 114 32 101 117 34 67 98 8 40 10 23 118 110 60 17 70 39 45 25 57 81 119 84 35 27 58 61 13 90 105 18 116 86 24 3 93 6 43 41 21 44 106 9 79 15 48 82 50 20 28 36 46 52 51 94 73 2 113 59 89 0 1 99 53 38 5 62 65 63
70 15 66 72 12 22 8 79 6 113 51 57 4 115 91 1 61 119 117 58 84 82 5 28 25 24 71 45 23 97 42 96 107 103 106 50 39 98 110 36 112 55 30 74 73 27 81 86 88 89 35 10 56 54 53 41 52 11 19 69 102 16 64 77 62 111 2 116 118 59 0 26 3 44 43 83 78 63 76 7 100 46 21 75 20 101 47 105 48 49 104 14 95 109 99 92 31 29 37 94 80 85 60 33 90 87 34 32 114 93 38 65 40 9 108 13 67 18 68 17
30 36 12 22 66 72 60 11 118 50 13 20 48 21 64 3 93 40 43 10 56 81 34 27 17 0 116 105 86 18 112 55 100 76 39 113 106 99 109 15 42 96 70 101 67 28 82 23 62 7 53 58 84 69 35 33 49 79 46 54 37 92 91 9 88 47 14 71 6 63 24 80 1 32 117 29 114 59 103 89 107 19 115 85 57 74 111 45 4 52 95 2 104 110 98 16 108 83 102 68 26 75 8 41 38 65 5 44 78 61 90 87 119 77 31 51 73 97 94 25
14 16 55 96 112 42 46 98 45 78 38 24 43 116 118 119 59 1 35 114 32 83 73 26 63 57 39 6 92 62 22 72 105 13 104 102 71 79 9 75 12 66 56 3 5 29 80 85 60 90 117 37 30 40 31 52 41 109 18 101 50 15 100 99 97 93 44 115 91 61 87 28 74 2 4 82 113 25 7 76 64 8 95 36 68 69 17 107 108 67 106 70 21 11 77 23 53 27 10 65 81 86 88 34 89 0 33 84 58 111 51 94 54 110 48 103 49 19 20 47
9 108 94 93 37 38 56 71 53 0 43 114 67 99 33 80 81 79 105 107 61 41 117 40 64 36 88 104 60 106 45 46 72 14 70 42 25 4 5 76 23 21 35 10 65 30 31 98 119 112 90 73 95 8 92 69 6 100 109 68 28 20 78 75 24 44 101 12 59 55 34 7 32 51 111 63 39 103 62 17 15 16 118 91 96 115 116 110 26 102 50 83 54 3 2 52 84 113 47 13 57 66 89 77 27 18 29 19 1 58 87 74 49 97 11 85 86 22 82 48
19 98 38 37 93 94 106 97 15 73 17 74 92 70 110 68 48 115 11 42 83 40 6 41 58 13 54 78 76 56 21 23 59 27 99 107 118 5 4 60 46 45 51 49 69 31 30 108 109 85 26 0 101 32 67 65 117 75 119 80 1 66 104 100 16 103 95 50 72 116 82 63 8 35 84 7 47 44 87 43 53 24 25 52 18 79 55 33 90 29 12 61 88 2 3 91 111 57 39 36 113 20 22 86 14 96 102 9 28 64 62 114 10 71 105 112 77 89 34 81
11 43 0 17 114 103 14 104 48 94 108 37 41 110 73 83 28 77 64 6 25 67 31 101 105 86 46 71 97 21 91 88 66 56 44 96 61 35 49 90 15 106 4 50 20 32 117 109 74 55 76 33 116 18 85 3 107 118 98 24 81 65 102 16 68 70 40 22 111 112 52 13 30 89 59 47 115 38 19 93 23 75 100 45 42 39 95 99 29 78 10 80 1 69 84 34 2 58 63 7 87 72 51 79 82 8 26 62 54 113 57 119 5 60 9 92 36 12 27 53
13 8 61 68 90 102 72 85 22 100 42 97 38 17 95 60 91 58 56 24 74 70 37 108 82 81 113 41 31 7 19 105 35 65 6 67 98 1 14 99 115 86 46 11 9 33 119 103 92 117 73 112 29 26 80 23 83 18 0 44 106 64 109 116 110 96 93 69 36 32 51 50 94 77 79 20 27 71 28 75 63 40 30 57 101 52 76 114 16 43 62 104 66 48 34 12 45 89 3 5 59 49 39 87 88 78 118 53 111 4 2 55 21 107 47 25 54 84 15 10
103 46 59 20 89 50 96 86 42 64 22 62 51 47 21 88 118 114 30 57 3 14 10 48 83 80 78 52 53 76 18 107 117 94 45 49 79 119 70 77 116 85 8 109 110 34 1 13 23 35 5 12 27 28 81 92 82 19 87 2 104 100 11 115 9 72 111 101 75 84 38 102 65 99 98 68 29 39 26 36 25 54 56 24 69 41 7 58 15 4 97 106 55 108 33 112 6 90 74 73 61 67 71 0 60 113 91 31 93 43 44 66 95 105 17 63 40 32 16 37
97 11 13 58 47 87 95 88 92 34 111 1 86 2 77 57 31 71 110 72 81 69 105 49 78 76 119 50 89 70 104 16 93 83 9 45 64 67 117 62 60 118 90 73 74 35 84 4 79 23 27 65 54 56 52 68 53 15 3 82 40 96 39 91 36 51 115 37 55 21 29 17 19 43 44 103 25 14 24 48 108 20 59 33 46 99 12 5 7 28 42 63 8 32 101 6 61 0 116 85 114 94 112 75 30 22 113 109 80 107 18 10 102 106 100 66 98 38 41 26
55 21 53 52 56 54 114 65 0 48 106 14 19 28 46 12 99 96 40 7 5 62 115 64 101 32 33 20 59 108 74 73 29 37 23 79 49 24 25 69 44 43 68 16 104 36 39 82 45 9 3 88 87 47 58 90 13 51 27 4 110 71 84 10 35 15 105 83 97 11 93 6 86 118 60 8 117 1 67 34 70 50 89 119 77 31 57 81 72 2 75 22 103 76 78 17 102 92 18 107 95 26 100 42 98 63 66 41 38 85 116 91 61 111 112 113 30 80 109 94
28 0 71 97 75 100 86 31 115 95 68 92 25 96 17 110 22 27 13 101 60 93 24 38 89 50 111 43 73 65 7 63 79 15 114 83 18 21 46 107 113 57 39 14 48 37 94 42 103 80 118 61 108 33 70 64 119 40 55 104 66 35 85 30 116 102 76 11 49 29 88 3 78 1 34 5 20 6 59 8 10 44 74 51 26 87 117 112 99 16 84 98 105 45 23 19 36 2 52 54 4 9 69 81 72 67 109 47 91 56 53 90 62 41 82 32 58 77 12 106
39 107 75 100 71 97 69 40 49 83 32 26 99 74 85 78 56 62 34 61 108 94 109 37 106 88 11 112 42 77 113 57 10 59 18 95 114 23 45 0 7 63 28 87 58 38 93 73 116 8 70 101 60 104 118 81 16 31 44 33 52 19 17 41 103 117 98 111 115 6 50 4 110 47 13 2 91 29 15 80 79 55 96 9 92 14 102 43 25 119 105 76 84 46 21 35 82 5 66 12 3 51 86 64 53 90 24 1 20 22 72 67 27 30 36 68 48 65 54 89
41 82 54 56 52 53 108 111 70 88 34 91 58 23 81 4 94 31 112 79 22 64 13 62 85 107 103 84 69 114 43 44 97 98 28 7 89 25 24 59 73 74 118 61 90 39 36 21 27 113 72 48 105 86 19 104 115 10 45 12 38 26 20 51 50 1 87 75 29 57 109 8 47 68 102 6 18 15 116 106 0 35 49 17 63 96 11 46 3 66 83 5 33 78 76 119 60 95 117 32 92 71 80 30 37 77 2 55 110 101 67 14 16 65 40 9 42 100 93 99
35 76 37 38 94 93 89 100 59 42 85 96 26 118 78 32 58 49 111 73 95 31 29 30 48 34 12 110 98 22 23 21 15 62 25 0 70 2 3 108 45 46 9 115 86 40 41 60 24 17 92 107 61 68 90 77 102 71 16 8 47 52 33 97 119 116 83 88 53 103 36 57 80 19 105 113 1 55 14 112 72 109 99 66 114 10 44 104 67 6 54 101 50 5 4 20 11 63 28 82 7 91 56 69 87 74 117 51 39 81 27 18 79 75 84 43 65 106 13 64
51 60 93 94 38 37 22 75 72 107 112 18 90 25 104 8 64 10 84 0 101 30 102 31 81 82 50 33 108 89 46 45 53 87 118 73 99 3 2 98 21 23 19 79 77 41 40 76 16 43 67 42 83 80 26 86 29 97 24 32 39 91 110 71 109 55 61 54 15 44 13 113 68 9 11 57 28 116 27 85 59 119 70 20 74 49 103 78 92 117 88 95 12 4 5 66 105 7 1 34 63 52 106 65 62 114 6 35 47 48 14 96 115 100 111 17 69 56 36 58
113 114 99 109 98 110 52 26 54 70 74 108 116 94 103 100 46 7 87 32 16 55 18 112 62 39 48 90 102 34 27 81 3 91 0 30 24 12 22 78 28 82 50 51 111 42 96 37 17 40 104 44 92 6 95 59 8 80 93 118 23 84 76 83 25 73 85 4 69 41 106 79 107 10 65 77 36 33 64 119 1 61 68 14 31 13 67 38 71 60 35 75 53 72 66 56 20 9 86 115 11 2 49 63 45 117 97 58 15 19 105 43 89 29 57 101 47 5 21 88
88 110 76 78 25 24 115 8 86 41 61 40 75 32 98 0 35 106 77 55 26 74 100 73 50 89 3 37 38 2 39 36 47 81 109 118 107 52 53 18 62 64 7 34 1 43 44 117 99 16 83 68 119 70 33 57 108 92 101 29 69 22 116 6 85 90 71 58 12 104 28 111 97 48 14 51 59 30 20 31 4 94 93 5 60 9 42 67 103 80 72 17 19 56 54 105 63 65 21 23 10 87 66 15 84 112 114 79 82 45 46 102 113 95 91 96 11 13 49 27
79 117 24 25 78 76 2 95 4 68 31 102 33 109 67 29 27 9 91 118 17 73 108 74 45 23 19 116 18 115 64 62 12 84 32 55 93 53 52 38 36 39 48 113 57 44 43 110 101 96 103 41 71 97 75 1 100 6 99 0 82 87 37 92 94 30 119 72 47 42 49 51 70 7 63 111 21 90 46 61 86 85 107 105 112 106 104 98 83 114 58 26 3 54 56 5 14 10 59 89 65 22 13 11 81 60 80 88 69 50 20 40 34 8 77 16 15 66 28 35
0 1 2 3 4 5 6 7 8 9 10 11 12 13 14 15 16 17 18 19 20 21 22 23 24 25 26 27 28 29 30 31 32 33 34 35 36 37 38 39 40 41 42 43 44 45 46 47 48 49 50 51 52 53 54 55 56 57 58 59 60 61 62 63 64 65 66 67 68 69 70 71 72 73 74 75 76 77 78 79 80 81 82 83 84 85 86 87 88 89 90 91 92 93 94 95 96 97 98 99 100 101 102 103 104 105 106 107 108 109 110 111 112 113 114 115 116 117 118 119
107 47 5 4 3 2 29 113 80 51 79 111 54 34 87 59 119 85 114 35 91 23 56 21 109 99 92 62 39 6 41 40 68 104 13 19 82 38 37 28 31 30 73 112 55 46 45 1 58 115 88 9 66 72 12 44 22 63 48 15 108 101 27 57 81 77 52 90 32 86 118 75 53 42 96 71 98 65 110 10 8 64 36 95 105 17 69 14 50 106 67 20 26 94 93 83 74 100 76 25 97 61 117 116 33 84 89 0 60 24 78 11 43 7 18 49 103 102 70 16
40 34 88 106 91 15 98 84 99 54 82 52 64 46 48 5 38 30 85 115 89 58 36 87 112 42 44 111 65 74 17 103 71 108 1 63 22 118 16 72 0 114 25 83 26 47 13 45 14 57 59 81 11 77 9 78 79 49 21 50 94 90 66 35 12 28 62 100 102 113 119 32 39 80 29 117 96 53 55 56 73 51 10 43 7 18 105 23 2 20 61 4 110 104 60 109 76 101 6 8 67 97 68 31 93 86 3 116 33 95 92 27 24 69 41 19 107 75 37 70
8 77 89 50 59 20 71 19 75 49 63 69 15 56 11 65 43 95 98 12 27 1 91 34 37 38 101 58 13 32 116 85 25 26 79 64 45 33 108 46 18 107 103 41 40 48 14 53 9 36 81 57 3 2 5 0 4 86 54 28 74 112 21 105 23 7 106 78 42 39 80 61 88 31 30 90 93 84 94 35 117 87 47 67 62 109 72 52 51 82 55 111 97 70 119 100 17 68 104 16 102 24 96 92 44 66 10 99 29 118 60 113 114 115 6 22 110 76 73 83
90 62 47 87 13 58 112 15 55 45 66 46 7 59 39 19 107 102 44 65 54 84 113 35 26 29 37 5 4 38 60 118 108 24 64 34 9 101 32 11 104 16 97 99 98 49 69 89 36 48 52 72 81 82 27 75 28 88 20 56 116 6 77 106 79 12 63 119 92 14 76 114 57 109 110 0 80 21 83 23 93 3 2 94 1 73 51 50 86 53 8 115 42 117 67 96 100 103 40 41 17 33 95 68 18 10 105 43 25 31 30 22 71 91 61 111 74 70 85 78
29 57 115 19 86 105 92 48 95 106 65 15 47 66 63 11 96 26 38 3 46 59 87 89 76 78 17 35 49 0 90 61 109 75 113 27 62 116 18 64 102 68 104 44 43 50 20 12 7 28 45 111 53 52 56 118 54 1 72 21 112 31 36 14 39 10 13 98 41 82 97 119 58 74 73 33 24 91 25 88 114 84 69 103 81 94 4 22 79 23 30 77 6 107 85 8 16 70 67 101 108 99 40 83 42 5 9 93 100 32 117 51 60 34 80 2 37 110 55 71
71 105 36 64 39 62 101 54 67 82 84 28 77 3 86 113 30 97 33 59 48 65 11 10 104 60 109 12 22 99 78 24 37 61 19 21 58 92 6 87 76 25 26 0 114 51 111 5 115 46 14 69 88 106 91 80 15 53 2 34 41 18 47 52 13 35 79 93 116 45 102 43 9 17 103 44 118 27 16 81 98 66 72 110 23 70 50 4 63 1 107 7 32 8 95 117 83 73 55 112 74 38 85 100 31 89 57 119 68 42 96 49 29 56 75 20 108 94 40 90
38 88 111 65 51 10 42 36 96 105 12 19 89 63 106 46 100 37 32 87 69 56 50 53 80 83 102 34 48 90 8 6 31 0 91 5 77 74 44 79 95 92 18 98 99 52 54 7 15 4 49 22 82 81 28 85 27 62 57 84 71 118 9 39 11 66 59 40 16 2 103 78 20 110 109 24 26 115 29 86 61 1 14 68 3 67 13 113 23 35 60 21 112 43 73 55 107 76 119 33 25 41 104 94 97 58 45 117 17 108 70 72 116 64 93 47 101 30 75 114
18 79 51 10 111 65 104 62 16 5 47 3 23 14 9 20 108 116 109 22 82 54 45 52 114 103 40 113 7 30 95 92 61 29 77 105 91 73 43 88 8 6 38 67 101 53 56 48 11 86 28 87 69 84 49 94 35 36 1 81 119 55 106 64 15 13 21 102 96 115 83 25 46 117 32 76 17 2 0 4 31 57 63 41 19 98 66 34 89 27 112 59 60 44 74 118 93 24 71 75 78 68 42 85 70 72 50 110 26 100 97 58 37 39 107 12 99 90 33 80
117 7 10 51 65 111 90 64 61 22 86 72 28 91 113 84 114 67 93 5 21 53 27 56 108 33 112 9 79 42 92 95 16 97 63 87 14 44 74 48 6 8 110 116 85 54 52 88 57 47 23 105 59 20 89 99 50 39 15 46 17 41 34 62 1 115 82 60 31 13 75 24 81 18 107 78 119 66 70 12 96 11 77 55 58 37 2 106 49 45 40 69 102 73 43 68 109 25 26 83 76 118 30 101 0 3 35 38 71 80 29 19 98 36 32 4 94 104 103 100
10 102 109 99 110 98 5 83 3 32 40 117 104 24 90 6 62 51 20 70 85 42 60 96 46 21 35 103 114 49 81 27 54 105 68 44 94 72 66 37 82 28 58 7 63 55 112 78 61 74 116 30 75 100 71 47 97 29 25 107 36 14 38 26 93 41 16 53 1 73 115 9 118 113 57 11 23 67 45 101 69 17 0 84 43 89 33 76 95 18 48 92 4 12 22 2 87 79 15 106 77 56 34 111 64 108 8 50 86 88 91 31 13 80 65 119 59 52 39 19
110 48 65 111 10 51 30 39 31 87 4 58 49 77 34 81 80 98 107 105 59 52 35 54 100 75 60 106 88 104 6 8 96 70 14 22 63 43 73 7 92 95 117 37 94 56 53 79 1 12 89 5 21 46 23 101 45 64 11 20 26 68 113 36 57 2 69 112 61 66 33 76 84 38 93 25 71 13 97 47 16 15 91 118 72 116 115 9 28 50 102 82 40 74 44 41 32 78 17 103 24 55 90 99 29 19 27 18 119 114 0 3 67 62 109 86 85 42 83 108
61 66 45 23 46 21 24 5 78 47 62 13 84 50 72 115 116 68 26 28 9 7 69 63 44 74 118 15 91 16 94 37 33 112 12 1 54 97 71 52 93 38 101 8 6 57 113 20 22 14 11 39 51 10 111 117 65 2 89 79 107 98 53 3 56 64 35 70 110 48 96 41 49 95 92 40 73 58 43 87 104 106 88 60 34 80 81 59 105 77 99 19 25 75 100 76 67 31 0 114 30 108 109 102 85 82 86 83 42 103 17 36 32 4 90 27 29 119 18 55
80 65 106 88 15 91 75 35 71 115 57 86 59 22 111 77 112 83 76 54 62 47 20 13 38 37 61 48 34 68 103 17 99 92 10 81 46 104 60 45 114 0 116 30 31 58 87 72 51 82 64 63 4 5 2 107 3 69 12 39 96 43 23 84 21 113 89 110 73 28 8 101 50 40 41 67 94 105 93 19 102 14 1 90 27 24 53 66 9 36 44 11 100 118 16 97 85 32 33 119 117 109 74 26 55 52 79 25 6 70 108 7 18 49 29 56 78 98 42 95
74 49 19 115 105 86 110 14 109 3 28 5 45 62 35 52 76 44 16 106 13 50 23 20 96 55 30 63 57 40 61 90 95 117 69 111 66 107 85 12 68 102 93 26 83 59 89 64 84 65 47 27 77 11 79 37 9 34 39 58 24 103 22 48 72 82 46 6 114 10 101 70 21 29 80 108 112 4 42 2 41 7 113 31 51 60 91 36 56 87 17 53 98 116 18 99 38 119 100 97 33 8 0 43 25 15 54 104 67 71 75 81 94 1 73 88 118 92 78 32
45 25 67 117 101 32 28 114 82 90 99 61 119 41 24 93 3 23 10 43 6 16 70 104 79 9 86 18 116 105 49 69 57 39 76 97 29 13 58 80 35 84 34 66 12 60 118 40 78 71 8 109 96 55 42 14 112 17 31 92 4 54 83 0 26 98 33 7 56 75 64 15 108 72 22 106 11 68 77 102 19 107 85 115 100 111 74 30 37 95 52 94 27 87 47 81 1 91 89 59 88 63 53 21 5 44 38 65 62 20 50 110 48 103 46 73 51 113 2 36
3 67 18 116 107 85 9 70 11 74 26 73 6 97 117 41 7 2 15 104 103 102 92 68 72 66 56 25 24 54 59 89 21 35 101 93 55 105 86 112 20 50 111 28 82 61 90 100 32 94 17 29 99 109 98 10 110 33 71 114 57 13 42 108 96 83 8 45 58 37 69 14 95 27 81 48 12 43 22 44 52 76 78 53 38 88 118 75 30 0 47 31 79 115 19 77 51 1 64 62 34 46 87 4 63 16 40 106 49 39 36 80 65 119 5 60 91 23 113 84
118 59 52 53 54 56 80 10 29 7 9 63 3 49 20 47 101 16 102 48 105 36 2 39 99 109 75 46 21 100 73 74 0 116 89 88 28 76 78 82 43 44 41 96 42 62 64 69 50 106 19 79 22 12 72 30 66 111 35 86 117 119 81 65 27 11 5 103 70 15 107 92 4 55 112 95 110 57 98 113 97 45 23 71 91 61 1 84 58 115 33 87 83 24 25 26 40 6 38 93 8 17 108 104 67 14 13 68 18 94 37 77 31 51 60 34 90 114 32 85
101 52 46 21 45 23 109 2 110 1 27 34 105 88 53 49 103 32 92 39 51 113 86 57 55 96 70 59 20 119 93 38 104 43 54 47 12 100 75 66 94 37 61 80 29 63 7 91 56 87 111 28 9 79 11 102 77 5 106 10 0 76 72 4 22 81 19 118 78 58 74 30 115 83 26 31 42 48 112 14 33 89 50 108 13 8 64 15 84 65 25 35 99 71 97 98 90 40 107 18 41 60 24 117 17 36 69 95 73 116 85 82 68 3 67 62 6 16 114 44
68 69 56 54 53 52 100 51 97 79 113 77 72 89 84 86 85 61 60 88 87 39 66 36 94 93 83 81 82 80 44 43 70 67 49 48 23 78 76 21 74 73 55 31 30 64 62 59 35 34 58 7 5 4 3 42 2 65 50 47 18 17 46 111 45 57 22 33 0 1 32 95 12 41 40 92 38 11 37 9 29 27 28 26 14 16 15 20 19 13 103 105 75 25 24 71 112 8 110 109 6 119 114 90 116 91 115 118 117 99 98 63 96 10 102 106 104 108 107 101
17 22 64 36 62 39 94 52 37 59 46 89 14 58 12 106 104 0 83 82 79 51 1 111 30 40 107 86 105 85 24 78 67 96 72 69 3 8 95 5 25 76 119 97 100 65 10 87 66 84 77 21 7 113 63 108 57 56 13 9 118 110 4 54 2 45 48 32 98 35 112 73 34 71 75 74 41 50 31 20 116 115 19 18 49 29 27 47 91 11 109 88 93 92 6 38 33 43 68 102 44 117 99 114 16 28 15 26 55 90 61 23 70 53 103 81 80 101 60 42
37 50 11 77 9 79 73 82 74 84 54 35 106 57 89 45 97 38 68 14 86 22 88 72 8 95 117 13 58 67 80 29 40 107 20 2 65 96 55 10 83 26 114 76 25 66 12 113 59 3 115 56 36 64 39 17 62 27 63 105 75 70 51 28 111 52 15 31 119 5 116 110 91 78 24 109 92 49 6 69 101 47 87 32 4 90 34 7 21 19 108 23 43 112 42 44 0 98 16 104 99 30 33 93 100 48 46 102 85 60 118 53 103 81 94 1 61 41 71 18
89 97 17 0 103 114 12 16 66 6 55 8 76 61 71 18 105 50 2 94 40 32 78 117 28 27 10 73 43 51 88 91 48 57 100 33 110 69 84 109 106 15 62 77 79 67 101 90 75 108 41 96 80 83 29 36 26 60 68 30 115 45 99 104 98 112 25 1 23 70 7 58 24 11 9 87 81 95 82 92 111 74 44 65 119 5 38 102 85 31 46 116 22 35 49 72 64 13 54 52 47 34 21 20 19 37 107 4 63 53 56 42 39 118 59 93 3 14 86 113
111 112 107 85 18 116 87 33 58 93 60 38 30 78 42 95 39 65 81 29 99 90 40 61 84 69 45 75 100 23 20 50 52 22 55 74 101 19 115 67 59 89 3 88 91 68 102 24 96 44 98 104 103 114 17 4 0 70 76 109 64 77 117 119 32 118 31 56 11 43 66 34 41 106 15 1 49 37 35 94 21 71 97 46 73 28 83 25 6 110 79 8 47 86 105 13 5 48 57 113 14 53 9 10 36 80 92 27 12 7 63 16 2 108 51 26 82 54 62 72
43 89 58 13 87 47 38 91 93 72 23 22 27 64 50 56 78 73 61 34 115 35 28 84 31 41 42 77 11 112 16 104 92 18 59 65 2 32 101 4 118 60 109 71 75 69 49 62 20 111 86 45 63 57 7 98 113 106 36 19 25 33 5 88 3 21 81 8 108 51 85 0 82 97 100 114 40 12 30 66 55 79 9 96 10 102 14 39 52 105 119 54 37 67 117 94 110 17 80 29 103 6 70 74 24 1 53 90 116 26 83 46 99 15 44 48 68 95 76 107
77 31 68 61 102 90 84 116 35 24 117 78 73 98 41 26 82 11 45 100 93 33 43 119 91 15 62 95 8 39 105 19 22 2 30 112 17 48 34 103 86 115 53 58 87 70 108 99 40 42 38 67 104 60 16 54 118 107 110 94 27 57 114 85 0 32 74 66 63 96 5 89 44 13 47 59 106 76 88 25 36 92 6 64 55 21 71 109 80 37 113 29 69 1 14 49 56 50 111 51 20 12 7 9 28 97 83 46 3 10 65 101 52 18 79 75 23 72 81 4
52 83 40 30 41 31 48 93 14 60 33 118 114 92 80 43 65 53 12 98 42 100 103 97 86 105 13 32 101 58 4 2 62 79 26 76 90 63 57 61 5 3 91 59 89 71 75 95 29 78 96 108 107 85 18 106 116 37 6 112 51 28 68 38 102 119 0 36 27 24 11 46 17 20 50 45 19 16 115 104 87 117 67 47 25 72 109 8 74 55 82 73 34 113 7 1 88 21 35 84 23 39 81 56 10 99 44 66 9 69 49 70 15 94 54 110 22 64 111 77
114 10 9 79 11 77 33 27 119 2 1 4 21 87 51 91 60 103 24 56 36 12 46 66 18 116 31 7 113 41 83 26 101 6 65 84 20 42 112 50 80 29 37 90 61 72 22 58 111 69 39 14 86 105 115 93 19 82 47 64 16 44 89 81 59 34 23 117 74 49 95 99 45 102 68 98 85 5 107 3 40 63 57 30 35 76 52 13 106 62 43 15 108 55 96 70 94 109 75 71 110 32 73 17 118 53 88 78 92 97 100 48 38 28 0 54 25 67 104 8
7 18 25 24 76 78 66 92 12 118 96 60 103 93 116 97 45 113 14 68 119 44 114 43 27 28 58 67 117 13 62 64 4 20 107 41 109 54 56 110 39 36 88 9 11 73 74 38 85 31 33 55 26 29 83 15 80 8 94 70 21 105 98 95 99 42 17 3 86 30 89 10 0 79 77 65 82 104 81 16 47 101 32 87 40 34 90 37 75 108 19 71 72 53 52 22 91 51 69 49 111 5 115 57 46 102 100 48 59 35 84 112 106 6 63 61 1 2 23 50
48 38 78 76 24 25 13 6 47 55 16 112 83 107 37 70 50 34 63 41 71 43 80 44 35 49 72 98 110 66 36 39 86 46 93 68 32 56 54 117 64 62 79 106 15 74 73 18 94 61 75 118 17 0 103 11 114 95 85 97 59 5 67 8 101 104 26 19 4 90 23 65 29 88 91 10 69 42 84 96 12 99 109 22 102 113 30 116 33 100 3 119 58 52 53 87 77 111 82 28 51 105 2 1 20 40 108 7 21 27 81 60 9 92 14 31 57 115 89 45
66 95 31 41 30 40 58 94 87 108 104 70 18 26 8 112 77 72 54 76 73 97 116 100 69 84 34 68 61 48 3 5 27 10 92 98 67 57 63 101 2 4 20 15 106 75 71 83 6 110 74 60 0 17 114 89 103 38 29 43 9 39 32 37 117 16 107 82 62 109 111 45 85 91 88 46 35 119 49 33 14 102 90 1 99 53 24 80 96 44 36 42 13 7 113 47 50 23 19 105 21 28 64 22 79 25 55 52 51 86 115 118 59 93 12 78 56 81 11 65
21 118 92 6 95 8 1 74 34 26 70 83 109 40 16 37 2 46 49 17 117 24 99 78 115 19 77 96 55 11 10 65 113 47 60 71 102 36 64 68 51 111 82 20 50 76 25 41 104 97 32 119 18 116 107 27 85 43 30 67 5 88 61 73 90 108 110 63 106 100 58 53 98 59 89 56 105 80 86 29 9 42 112 79 75 84 114 31 93 101 91 38 14 62 39 48 28 52 22 72 54 7 15 45 4 103 94 69 87 66 12 33 81 44 23 0 35 57 3 13
85 56 81 82 27 28 93 66 38 15 45 106 87 48 54 89 33 107 95 36 10 9 47 11 41 31 0 69 84 17 109 110 90 74 53 86 4 80 83 2 99 98 16 100 97 77 79 14 52 105 65 23 113 7 57 60 63 22 34 51 70 78 3 12 5 46 58 68 76 19 43 42 13 75 71 96 30 88 40 91 103 49 35 114 115 6 62 1 20 111 24 50 94 26 29 37 104 112 32 117 55 102 25 18 119 39 59 92 44 67 101 21 118 72 116 64 8 61 108 73
82 68 95 8 92 6 15 43 106 71 0 75 93 112 61 98 66 81 89 119 18 25 94 76 13 58 63 31 41 57 51 111 9 86 102 26 60 39 62 118 10 65 21 84 35 78 24 55 90 29 107 17 117 67 32 45 101 74 42 116 22 48 16 44 104 114 38 77 34 80 19 54 37 69 49 52 87 100 47 97 113 30 40 7 83 20 108 96 109 85 14 110 91 64 36 88 23 56 5 3 53 79 1 27 12 33 99 59 105 2 4 103 46 73 28 70 50 11 72 115
92 14 28 27 82 81 17 72 103 23 91 21 57 53 1 51 73 6 116 86 50 11 63 9 67 117 94 3 2 93 98 99 76 119 48 36 35 83 80 84 110 109 75 118 60 79 77 56 34 64 20 15 58 13 87 97 47 12 52 89 44 102 69 22 49 88 113 24 90 62 108 96 7 16 104 42 32 46 101 45 38 5 4 37 39 107 19 54 65 59 68 10 0 29 26 114 71 55 30 31 112 78 61 8 74 115 111 85 70 41 40 106 100 66 95 105 18 25 43 33
84 85 42 112 96 55 62 110 64 37 76 94 31 104 107 101 47 69 48 102 70 26 41 83 111 65 21 100 75 46 66 12 91 89 116 114 95 9 79 92 72 22 2 54 52 80 29 16 18 103 108 78 44 74 43 5 73 99 60 119 58 86 6 109 8 25 30 106 105 17 20 82 40 56 53 28 10 93 51 38 45 97 71 23 0 1 61 118 117 33 115 32 39 77 11 36 4 81 113 57 27 15 19 49 13 68 67 14 50 63 7 24 3 98 35 90 34 88 87 59
32 86 22 12 72 66 97 9 100 10 7 65 53 106 105 69 17 101 108 50 14 28 52 82 93 94 95 64 36 8 55 112 118 90 115 58 21 110 98 23 96 42 44 40 41 81 27 15 19 13 48 113 2 3 4 73 5 77 88 1 114 85 45 11 46 63 56 104 107 47 68 83 54 30 31 26 37 111 38 51 6 62 39 92 87 119 59 91 35 34 116 84 71 99 109 75 43 80 78 24 29 16 18 67 103 20 49 70 102 25 76 57 74 79 117 89 33 60 0 61
44 23 72 66 22 12 18 77 107 58 89 87 35 39 45 54 25 74 31 113 2 27 49 81 61 68 104 91 15 60 96 42 6 38 21 10 115 109 99 86 55 112 32 119 33 82 28 36 46 51 4 50 14 1 48 67 34 9 62 3 78 75 105 79 19 59 84 95 100 111 94 29 69 70 108 80 102 47 90 13 118 88 106 16 65 40 63 64 53 5 71 56 116 98 110 85 117 26 114 0 83 92 97 73 76 57 52 30 37 17 103 20 101 11 43 7 41 8 24 93
2 92 96 55 42 112 19 99 105 114 90 0 117 71 6 40 63 3 53 78 44 29 67 80 59 20 106 118 16 88 72 22 45 51 95 37 116 11 77 85 66 12 84 1 34 83 26 75 8 38 43 102 70 119 108 49 33 110 97 74 113 36 107 98 18 61 32 21 64 93 65 27 101 14 48 81 50 17 89 103 91 60 104 15 94 54 25 100 31 73 39 30 115 79 9 86 35 28 58 87 82 23 62 5 7 24 41 56 10 47 13 68 69 109 4 76 52 46 57 111
109 4 87 47 58 13 70 106 108 65 48 10 52 9 5 82 26 99 100 45 63 49 53 69 107 85 8 39 62 95 118 60 55 30 2 72 59 117 67 89 16 104 43 102 68 84 35 11 3 66 7 34 115 19 86 74 105 91 79 57 80 94 50 15 20 14 54 42 93 12 41 103 56 90 61 17 116 51 18 111 92 36 64 6 22 71 21 77 27 113 37 81 119 101 32 33 44 114 25 76 0 96 38 98 83 46 28 97 40 78 24 1 73 88 110 23 75 112 29 31
12 104 108 33 70 119 10 68 65 31 95 30 97 80 60 42 9 22 69 103 67 18 71 107 54 56 5 94 93 4 1 34 28 58 16 99 73 20 59 74 14 48 57 36 39 85 116 29 118 109 101 8 24 25 78 7 76 90 83 117 77 106 44 102 43 92 100 81 88 110 47 105 75 64 62 19 53 40 52 41 2 37 38 3 98 35 0 26 55 32 15 112 51 89 50 111 113 86 46 45 115 27 91 72 11 17 96 49 13 23 21 6 63 61 66 114 84 82 79 87
112 106 48 34 14 1 37 20 94 53 21 56 62 81 88 22 110 42 101 13 49 19 39 105 40 30 73 65 111 43 119 33 26 114 15 77 5 68 61 3 70 108 24 75 71 86 115 27 91 11 69 46 57 63 113 76 7 89 82 35 99 104 2 50 4 23 64 80 60 9 17 107 36 100 97 18 31 54 41 52 44 10 51 74 79 117 87 28 66 84 16 12 38 90 102 93 78 85 8 6 116 29 118 96 109 47 72 67 103 92 95 45 25 59 55 58 32 83 98 0
25 72 91 15 88 106 68 49 102 63 19 7 2 10 66 39 95 24 29 81 11 13 3 47 70 119 100 23 45 75 0 114 73 55 22 54 1 60 104 34 17 103 40 18 107 87 58 65 12 56 9 115 89 50 59 31 20 84 51 77 6 109 48 69 14 105 4 44 99 53 42 67 5 116 85 101 33 113 108 57 71 21 46 97 52 83 28 111 64 79 110 62 61 16 118 90 41 117 94 37 32 43 98 78 92 27 36 80 96 38 93 86 30 35 76 82 26 74 8 112
6 63 49 35 69 84 26 58 83 89 77 59 1 52 57 111 74 92 37 4 45 15 14 106 98 110 85 19 115 107 67 101 24 71 7 62 27 103 114 81 117 32 33 55 112 88 91 54 113 39 46 11 72 66 22 70 12 47 53 23 43 40 82 87 28 79 34 76 30 36 100 16 48 96 42 104 109 20 99 50 18 105 86 116 64 93 3 56 10 21 41 65 29 0 17 80 119 118 90 61 60 25 31 95 73 2 51 94 97 68 102 9 108 13 8 5 38 78 44 75
104 64 86 105 115 19 40 1 41 27 2 81 79 69 36 58 32 60 73 111 53 20 9 50 71 97 98 22 12 110 102 68 114 25 62 106 113 85 107 57 90 61 29 94 37 89 59 49 39 88 56 3 46 21 45 83 23 48 84 52 67 8 63 34 7 4 77 17 95 91 78 108 11 93 38 70 100 82 75 28 109 72 66 99 15 44 10 35 47 54 6 13 30 18 116 31 80 33 112 55 119 103 92 118 117 51 87 74 24 96 42 5 26 14 16 65 43 0 101 76
106 100 85 107 116 18 54 119 52 29 44 80 98 101 75 114 84 88 5 93 31 68 110 102 39 62 79 42 112 9 50 20 58 63 97 104 78 86 105 24 89 59 27 65 10 90 61 67 71 60 30 74 8 95 6 82 92 108 32 41 49 46 25 33 76 43 99 47 21 118 113 48 109 111 51 14 64 83 36 26 11 96 55 77 16 2 37 117 17 40 45 103 56 19 115 53 81 34 12 66 1 13 23 91 35 38 0 3 57 72 22 73 28 70 15 94 4 87 69 7
94 54 84 69 35 49 107 13 18 11 50 9 22 7 56 23 75 93 8 62 65 106 12 15 68 61 29 82 81 26 32 117 30 73 52 4 86 114 103 115 101 67 96 108 70 91 88 63 53 5 10 89 34 48 1 112 14 87 113 111 97 25 19 47 105 20 72 41 24 3 44 104 66 33 119 16 90 79 102 77 83 28 27 80 2 92 36 57 46 51 76 45 85 17 0 116 42 60 109 110 118 40 78 38 71 64 21 6 43 98 99 59 55 58 37 39 95 31 100 74
22 71 43 73 44 74 50 24 20 117 116 32 60 83 97 96 11 12 3 38 41 8 104 6 1 14 49 0 17 35 54 52 81 113 75 110 33 65 111 119 56 53 87 86 115 92 95 26 100 98 40 18 68 61 102 13 90 76 80 31 79 21 70 78 108 85 118 28 46 99 63 64 16 105 19 62 48 101 34 67 84 114 103 69 109 4 94 29 112 30 23 55 89 51 10 59 58 36 88 91 39 82 45 66 9 93 42 5 7 15 106 107 47 25 72 37 2 27 77 57
1 73 97 71 100 75 77 30 79 101 80 67 118 18 43 33 89 14 36 95 76 37 16 94 22 12 84 17 0 69 63 7 115 53 74 61 96 45 23 42 57 113 47 27 81 93 38 107 44 68 25 83 98 110 99 58 109 41 116 78 20 51 112 31 55 29 60 105 10 102 54 2 104 28 82 4 66 117 72 32 49 103 114 35 90 62 6 85 70 24 111 108 11 21 46 9 13 3 91 88 5 19 65 48 59 92 119 39 52 106 15 26 87 40 34 8 64 86 50 56
47 42 100 75 97 71 65 41 10 61 8 90 70 114 112 104 106 87 82 83 98 38 119 93 56 54 105 85 107 86 57 113 49 72 96 101 74 46 21 73 63 7 1 62 64 94 37 0 55 32 99 95 76 78 25 48 24 30 103 110 91 9 43 40 44 6 108 84 79 117 12 5 33 39 36 3 52 102 53 68 115 116 18 19 67 27 29 17 118 109 11 60 111 23 45 51 34 4 20 50 2 35 77 58 15 26 16 28 66 89 59 92 14 31 13 80 81 69 88 22
5 26 74 44 73 43 35 25 84 18 67 107 102 75 29 31 57 4 72 110 55 6 90 8 15 91 89 70 119 50 53 56 46 9 83 38 103 111 65 17 52 54 105 47 13 95 92 71 80 37 112 117 118 16 60 115 104 78 100 96 7 82 0 76 114 101 68 23 81 94 77 62 61 87 58 64 88 85 106 116 20 108 33 59 93 12 99 97 40 42 28 41 49 10 51 69 19 39 48 14 36 21 27 2 113 109 30 22 79 1 34 32 86 24 3 98 66 45 63 11
58 37 110 98 109 99 34 29 1 44 119 43 95 0 38 118 88 13 57 30 75 112 8 55 19 115 53 76 78 52 82 28 69 45 94 32 68 22 12 102 81 27 10 89 59 96 42 114 93 101 71 70 85 107 116 111 18 83 17 100 15 2 90 80 61 33 92 35 3 67 21 77 6 50 20 79 86 73 105 74 54 25 24 56 117 7 41 103 104 97 4 16 48 66 72 14 65 11 36 39 9 84 5 47 91 31 60 113 23 62 64 108 51 26 87 40 63 49 106 46
91 61 41 31 40 30 81 37 27 76 110 25 74 67 68 17 69 15 50 108 107 75 44 71 77 11 36 8 95 64 5 3 87 115 90 60 26 7 113 83 4 2 52 72 22 97 100 101 102 104 18 98 42 112 96 56 55 93 117 85 35 1 80 94 29 109 73 13 14 16 105 23 43 66 12 21 9 24 79 78 62 6 92 39 118 59 119 32 114 116 34 0 82 57 63 28 54 45 51 111 46 47 48 106 49 70 103 20 19 65 10 99 53 38 88 33 89 58 84 86
23 70 26 29 83 80 47 96 13 92 118 95 24 31 119 38 5 45 115 85 102 109 25 110 49 35 65 74 44 111 79 77 7 1 108 75 117 82 81 32 9 11 36 91 88 98 99 30 33 100 68 16 114 103 0 62 17 112 41 90 2 50 101 42 67 60 78 57 89 97 48 72 76 15 106 22 84 8 69 6 51 73 43 10 71 105 18 40 94 61 20 37 87 27 28 58 39 66 56 53 12 113 59 46 3 116 93 86 14 52 54 104 64 55 21 107 19 63 4 34
86 30 80 83 29 26 111 55 51 16 6 104 0 108 40 90 34 105 21 75 37 110 17 109 52 53 87 101 32 47 11 9 89 3 31 85 43 81 82 44 77 79 15 64 62 99 98 70 41 107 94 92 78 76 24 88 25 42 33 38 14 113 74 112 73 8 114 20 7 18 4 22 103 36 39 72 56 60 54 118 13 67 117 58 116 45 97 119 68 93 57 102 65 28 27 10 106 12 84 35 66 50 63 19 1 71 61 23 2 49 69 95 91 96 115 100 46 59 48 5
20 101 30 40 31 41 64 38 62 98 78 99 96 90 32 85 86 59 88 60 0 71 55 75 65 111 82 80 83 81 2 4 14 49 67 108 92 113 7 95 3 5 66 53 56 100 97 61 117 33 114 76 73 43 74 22 44 94 102 17 19 47 8 93 6 24 42 34 87 119 84 21 112 52 54 23 51 109 10 110 27 29 26 28 70 15 16 68 18 103 13 107 36 63 57 39 12 46 9 11 45 1 58 89 115 118 116 91 35 77 79 25 72 37 50 104 106 48 105 69
4 90 114 103 0 17 51 118 111 96 92 42 29 100 102 30 113 5 59 33 116 117 26 32 53 52 22 99 109 12 15 106 23 19 61 94 44 84 69 43 91 88 11 39 36 101 67 97 68 93 85 6 25 24 76 79 78 104 75 18 63 34 73 60 74 95 80 46 48 38 86 87 83 62 64 58 54 112 56 55 66 98 110 72 37 50 70 71 41 107 1 40 10 49 35 65 9 47 81 27 13 45 14 3 57 119 31 89 115 28 82 8 77 16 2 108 20 21 7 105
27 24 116 18 85 107 23 108 21 104 94 16 17 55 25 109 72 28 51 74 8 61 0 90 7 113 47 117 67 87 89 59 11 36 78 29 97 115 19 100 50 20 106 2 4 102 68 112 76 26 6 93 31 41 30 91 40 119 96 95 12 53 75 70 71 37 103 79 52 83 62 1 114 3 5 34 57 118 63 60 58 32 101 13 80 65 43 42 98 92 56 99 45 105 86 46 15 14 49 69 48 77 54 82 22 73 110 111 64 84 35 38 88 33 81 44 10 9 66 39
115 6 16 118 104 60 3 101 5 80 30 29 110 119 92 102 14 19 52 25 43 0 98 114 21 46 9 55 96 79 58 87 50 111 8 116 37 15 91 94 13 47 81 57 113 103 17 33 95 18 44 40 97 71 100 28 75 117 70 73 34 62 93 67 38 31 109 59 39 107 10 35 99 63 7 84 45 26 23 83 77 112 42 11 85 56 78 108 61 74 64 90 2 88 106 4 27 49 72 22 69 89 36 105 48 76 68 54 65 12 66 41 82 32 86 24 53 20 1 51
34 80 101 32 67 117 53 17 56 97 73 100 37 85 83 108 20 48 22 109 96 118 38 60 36 64 7 30 40 113 35 84 19 77 29 90 76 47 87 25 49 69 45 111 51 104 16 116 26 102 42 43 6 92 8 21 95 114 107 55 89 81 24 103 78 74 94 86 82 68 9 88 93 65 10 91 62 75 39 71 57 31 41 63 61 66 98 18 119 112 27 33 52 58 13 54 46 106 4 2 15 115 28 14 50 110 70 72 11 3 5 44 23 0 1 99 12 105 59 79
24 3 14 1 48 34 118 89 60 77 58 79 66 51 2 36 92 25 97 46 57 115 72 86 0 17 80 28 27 83 70 108 44 41 5 53 15 102 90 106 119 33 112 117 32 105 19 111 4 52 113 13 49 35 69 96 84 20 10 63 8 93 88 59 91 87 12 73 94 54 30 116 22 67 101 85 103 9 114 11 26 82 81 29 56 75 23 65 62 7 38 64 16 61 68 104 55 18 99 98 107 74 37 76 95 45 39 100 31 110 109 47 42 50 78 21 71 43 6 40
33 81 69 84 49 35 31 47 30 62 5 64 10 86 82 48 68 108 42 11 72 91 51 88 75 100 76 56 54 78 117 32 18 99 27 89 7 17 0 63 67 101 6 93 38 106 15 115 28 50 22 4 45 23 46 95 21 58 105 66 90 80 57 13 113 3 65 85 83 20 110 60 111 94 37 118 97 36 71 39 24 53 52 25 59 55 79 19 1 12 29 34 41 114 103 40 8 104 43 44 16 116 26 70 102 9 14 96 109 74 73 2 92 87 119 77 112 107 61 98
57 74 70 119 108 33 91 90 88 99 114 98 55 38 44 75 23 63 62 8 24 116 96 85 87 47 81 26 29 82 14 48 2 52 73 31 16 50 89 104 1 34 12 35 84 107 18 93 43 41 78 103 67 117 101 72 32 68 37 25 46 111 60 61 118 0 112 5 65 40 56 115 42 49 69 86 13 110 58 109 28 83 80 27 30 36 92 94 97 76 51 100 15 59 20 106 66 19 77 79 105 3 10 7 21 6 71 64 53 9 11 17 22 102 113 95 39 4 45 54
46 99 90 102 61 68 39 18 36 67 25 101 16 30 109 94 4 21 79 112 29 119 118 33 10 51 69 114 103 84 115 86 63 28 98 100 6 34 48 8 19 105 13 52 54 108 70 31 110 75 80 24 74 44 73 87 43 85 40 26 3 12 95 107 92 76 104 113 22 71 81 59 60 53 56 89 111 32 65 117 35 0 17 49 97 11 96 41 38 83 66 93 62 14 1 64 47 20 106 15 50 57 72 23 2 55 37 77 27 91 88 78 58 116 45 42 9 7 5 82
15 44 29 26 80 83 63 42 7 85 100 116 68 117 74 103 49 91 39 92 78 98 61 99 5 4 20 119 70 59 77 79 13 54 43 16 31 27 28 30 11 9 86 45 46 109 110 32 73 118 24 75 37 38 94 19 93 55 67 76 84 10 40 96 41 97 102 87 51 60 53 66 90 23 21 12 2 18 3 107 89 33 108 50 104 64 8 101 0 25 65 114 57 82 81 113 115 72 14 48 22 58 111 88 69 95 17 36 56 34 1 71 105 112 106 6 62 47 35 52
36 32 83 80 26 29 59 112 89 75 107 71 94 43 101 76 52 64 106 16 114 99 93 98 34 48 57 40 30 63 9 11 51 69 117 92 108 28 27 70 79 77 23 105 19 110 109 44 67 6 0 85 102 90 68 46 61 96 73 103 56 58 119 55 33 18 37 65 13 8 35 12 38 86 115 66 14 97 1 100 7 41 31 113 95 91 60 74 24 17 87 78 20 81 82 50 21 22 2 4 72 10 47 62 54 104 25 15 84 5 3 116 45 42 39 118 88 111 53 49
119 5 62 39 64 36 99 56 98 69 81 49 91 19 4 34 90 70 75 21 7 10 15 65 42 112 32 47 87 101 25 76 116 31 3 59 72 6 92 22 24 78 17 29 80 111 51 105 2 20 63 82 79 9 77 114 11 52 115 113 68 38 12 53 66 27 88 107 37 50 40 44 106 26 83 43 55 35 96 84 67 13 58 117 89 97 45 86 14 57 93 48 109 95 8 110 103 74 118 60 73 18 94 108 61 23 1 71 41 104 16 28 0 54 33 46 100 85 102 30
50 78 98 110 99 109 49 80 69 30 101 31 71 68 76 107 19 89 65 44 92 96 97 42 88 106 4 38 37 5 28 82 1 64 24 70 0 66 72 114 27 81 113 13 47 112 55 102 25 119 95 32 16 118 104 63 60 26 61 6 86 56 103 29 17 67 75 48 54 33 39 11 100 58 87 9 15 41 91 40 3 93 94 2 108 51 73 90 116 8 53 85 35 22 12 84 57 77 23 21 79 14 52 59 105 43 18 10 36 46 45 117 7 83 20 74 111 34 115 62
83 20 21 46 23 45 16 4 104 39 87 36 111 12 59 79 55 80 90 1 19 63 65 7 103 114 25 53 52 24 38 93 110 85 50 28 88 71 97 91 37 94 95 32 117 113 57 66 89 27 105 47 35 49 84 6 69 3 22 115 42 108 15 2 106 58 51 99 33 81 18 40 10 101 67 41 0 64 17 62 78 56 54 76 82 68 48 72 11 86 70 9 118 100 75 60 92 30 73 74 31 98 119 29 112 34 77 61 107 44 43 13 8 5 26 14 102 109 96 116
81 94 104 60 16 118 36 117 39 116 24 85 61 42 93 99 12 82 7 40 97 17 68 103 51 10 59 108 33 20 13 47 77 23 37 80 8 106 88 6 58 87 115 56 53 114 0 96 38 83 100 25 43 73 44 105 74 101 112 71 72 4 92 32 95 78 90 9 5 26 46 69 102 54 52 49 65 107 111 18 50 70 119 89 29 57 31 55 110 75 2 109 64 91 15 62 86 84 34 1 35 11 3 28 66 41 98 63 45 14 48 76 19 67 27 30 113 79 22 21
67 27 1 14 34 48 43 59 44 46 52 45 113 15 28 35 0 117 55 77 12 105 7 19 92 6 38 2 3 37 108 70 60 109 81 13 51 61 68 111 33 119 100 25 76 115 86 106 82 58 66 53 64 36 62 71 39 50 91 22 103 29 65 89 10 54 57 16 26 87 98 18 63 24 78 107 8 23 95 21 94 4 5 93 47 42 9 88 69 72 80 49 73 102 90 74 97 116 31 30 85 104 83 32 114 79 84 112 99 40 41 56 75 20 101 11 96 118 17 110
49 29 119 70 33 108 4 61 2 8 41 6 78 16 26 117 87 35 66 99 112 107 76 18 23 45 51 44 74 10 48 14 88 11 80 103 38 59 20 93 34 1 64 63 7 116 85 104 83 114 55 31 100 75 97 39 71 102 118 42 13 27 94 90 37 40 24 15 28 0 79 19 25 57 113 105 46 92 21 95 65 43 73 111 17 22 110 60 101 96 81 67 5 50 89 3 62 115 53 56 86 106 82 84 58 98 32 12 77 54 52 30 36 68 69 109 72 91 47 9
62 109 103 114 17 0 21 60 23 33 93 119 85 44 99 24 53 39 9 96 80 101 107 67 113 7 1 102 90 14 106 15 111 82 110 6 100 49 35 97 88 91 89 5 3 117 32 43 98 92 29 94 40 30 41 20 31 16 74 83 54 72 71 118 75 38 116 10 66 95 27 47 18 4 2 13 63 70 57 108 48 68 61 34 8 77 112 73 76 26 22 25 46 84 69 45 59 87 115 86 58 65 12 36 56 42 78 11 81 105 19 37 50 104 64 55 79 51 52 28
65 40 32 101 117 67 105 103 19 109 102 110 42 76 30 92 36 111 46 97 94 104 112 16 20 59 27 83 80 28 84 35 56 5 41 43 85 58 13 116 69 49 72 48 14 118 60 25 31 73 37 90 33 108 119 12 70 0 78 93 62 63 18 17 107 68 96 52 57 74 2 106 55 34 1 15 89 98 50 99 82 26 29 81 44 23 75 24 8 38 7 6 86 47 87 115 22 88 11 9 91 54 113 51 39 100 95 45 4 79 77 61 66 114 10 71 21 53 64 3
53 103 102 90 68 61 7 107 63 112 75 55 80 6 114 44 10 52 47 67 104 108 83 70 4 5 66 109 99 72 86 115 36 88 17 24 30 14 1 31 105 19 77 21 23 119 33 8 0 25 16 100 93 94 38 9 37 116 92 60 111 49 41 18 40 71 29 62 35 76 15 20 26 46 45 50 3 96 2 42 22 110 98 12 78 58 32 95 73 118 69 74 113 34 48 57 79 59 27 81 89 64 84 54 65 101 43 13 106 82 28 97 11 85 56 117 87 39 51 91
