0.0 -4.708706213524402
0.1 -5.173198424662711
0.2 -5.659247981139139
0.3 -6.165868698373889
0.4 -6.691883446638405
0.5 -7.235925265672052
0.6 -7.79644026197071
0.7 -8.371692307180613
0.8 -8.959769539005844
0.9 -9.558592648741167
1.0 -10.165924922138899
1.1 -10.77938398297643
1.2 -11.39645517157878
1.3 -12.014506473836198
1.4 -12.630804900106098
1.5 -13.24253419796346
1.6 -13.846813768220777
1.7 -14.440718640127034
1.8 -15.021300349315815
1.9 -15.585608551036762
2.0 -16.130713191591166
2.1 -16.653727052809284
2.2 -17.15182847794675
2.3 -17.62228408261919
2.4 -18.062471251401146
2.5 -18.469900219534185
2.6 -18.84223553985
2.7 -19.17731673753013
2.8 -19.473177959690112
2.9 -19.728066432970035
3.0 -19.9404595502961
3.1 -20.109080417692194
3.2 -20.23291170339255
3.3 -20.31120764444712
3.4 -20.343504080414412
3.5 -20.32962639948299
3.6 -20.26969529931865
3.7 -20.16413028295466
3.8 -20.013650828969713
3.9 -19.819275194866886
4.0 -19.582316832802142
4.1 -19.30437841743182
4.2 -18.98734350646946
4.3 -18.633365875374512
4.4 -18.244856588247988
4.5 -17.8244688872943
4.6 -17.37508100293525
4.7 -16.89977700564913
4.8 -16.40182583867617
4.9 -15.88465868771086
5.0 -15.351844859430724
5.1 -14.807066355038375
5.2 -14.254091337780816
5.3 -13.696746704530929
5.4 -13.138889980860466
5.5 -12.584380766506142
5.6 -12.03705196365233
5.7 -11.500681023964283
5.8 -10.978961451762084
5.9 -10.475474800102994
6.0 -9.993663393833883
6.1 -9.536804008898576
6.2 -9.107982730371125
6.3 -8.710071202885485
6.4 -8.345704476415051
6.5 -8.017260637809567
6.6 -7.7268424042258665
6.7 -7.476260838713885
6.8 -7.26702133087551
6.9 -7.100311966850578
7.0 -6.97699439306349
7.1 -6.897597257358185
7.2 -6.862312289541145
7.3 -6.870993061131362
7.4 -6.923156441479275
7.5 -7.017986744563764
7.6 -7.154342537910234
7.7 -7.330766062397261
7.8 -7.545495189435816
7.9 -7.796477820313509
8.0 -8.081388611589631
8.1 -8.397647890493205
8.2 -8.742442605493602
8.3 -9.11274913975081
8.4 -9.505357799166651
8.5 -9.916898772392678
8.6 -10.343869347534826
8.7 -10.782662159542108
8.8 -11.229594233473753
8.9 -11.680936582085277
9.0 -12.13294411151985
9.1 -12.581885586378299
9.2 -13.02407340509272
9.3 -13.455892938346338
9.4 -13.87383118725097
9.5 -14.274504524075944
9.6 -14.654685286464145
9.7 -15.011327006198215
9.8 -15.341588065601156
9.9 -15.642853588462373
10.0 -15.912755387847664
10.1 -16.149189810140676
10.2 -16.35033333302071
10.3 -16.51465579464223
10.4 -16.640931151869474
10.5 -16.72824568685013
10.6 -16.776003603293077
10.7 -16.783929976349047
10.8 -16.752071042778514
10.9 -16.68079184092482
11.0 -16.57077123268925
11.1 -16.422994362027456
11.2 -16.23874262625517
11.3 -16.019581257474194
11.4 -15.767344631521564
11.5 -15.484119440830225
11.6 -15.172225885303298
11.7 -14.834197051591973
11.8 -14.472756665890449
11.9 -14.090795418393926
12.0 -13.691346068798424
12.1 -13.277557551561376
12.2 -12.852668307013989
12.3 -12.419979069763398
12.4 -11.982825349105944
12.5 -11.544549837373044
12.6 -11.10847498124723
12.7 -10.677875948136645
12.8 -10.255954214718146
12.9 -9.845811997808136
13.0 -9.450427738868544
13.1 -9.072632842793684
13.2 -8.715089859257468
13.3 -8.38027228095086
13.4 -8.070446117641508
13.5 -7.7876533882879215
13.6 -7.533697655598456
13.7 -7.310131708607977
13.8 -7.118247479228926
13.9 -6.9590682585001105
14.0 -6.833343257593317
14.1 -6.741544537733819
14.2 -6.683866312236881
14.3 -6.6602266030482635
14.4 -6.670271213689847
14.5 -6.713379960534965
14.6 -6.788675085049157
14.7 -6.895031751200329
14.8 -7.031090514828938
14.9 -7.195271635523155
15.0 -7.385791086605272
15.1 -7.600678105328491
15.2 -7.83779411341925
15.3 -8.094852827775336
15.4 -8.36944137252446
15.5 -8.659042196825597
15.6 -8.961055597802453
15.7 -9.272822644865048
15.8 -9.59164830041258
15.9 -9.914824532513808
16.0 -10.239653217606477
16.1 -10.563468635505693
16.2 -10.883659365005814
16.3 -11.197689396029743
16.4 -11.503118283536176
16.5 -11.797620179138324
16.6 -12.079001588502885
16.7 -12.34521771595953
16.8 -12.594387272222521
16.9 -12.824805636561702
17.0 -13.03495628100653
17.1 -13.2235203810649
17.2 -13.389384554823792
17.3 -13.531646690004184
17.4 -13.649619836400092
17.5 -13.742834158972121
17.6 -13.811036964523497
17.7 -13.854190832197974
17.8 -13.872469894846057
17.9 -13.866254334456972
18.0 -13.836123170204738
18.1 -13.782845432072596
18.2 -13.707369826376548
18.3 -13.610813011692475
18.4 -13.494446614601602
18.5 -13.359683124218606
18.6 -13.208060812581461
18.7 -13.04122783460372
18.8 -12.860925666374063
18.9 -12.6689720441057
19.0 -12.467243567976833
19.1 -12.25765813546416
19.2 -12.042157367572157
19.3 -11.822689188633415
19.4 -11.601190716146295
19.5 -11.379571611485778
19.6 -11.159698035345425
19.7 -10.943377343528097
19.8 -10.732343649297738
19.9 -10.52824436804129
20.0 -10.332627848584751
20.1 -10.146932183284571
20.2 -9.972475276105806
20.3 -9.810446234436897
20.4 -9.66189813651768
20.5 -9.527742212213488
20.6 -9.408743460597004
20.7 -9.30551771354295
20.8 -9.218530140438856
20.9 -9.148095175305228
21.0 -9.094377834232345
21.1 -9.057396378205445
21.2 -9.03702626422411
21.3 -9.033005316236524
21.4 -9.044940036906587
21.5 -9.072312971703203
21.6 -9.114491028327302
21.7 -9.17073464714166
21.8 -9.240207712098831
21.9 -9.32198808671668
22.0 -9.41507865596058
22.1 -9.518418752474153
22.2 -9.630895844460706
22.3 -9.75135736264721
22.4 -9.878622545140198
22.5 -10.011494181574362
22.6 -10.148770141714252
22.7 -10.289254578539802
22.8 -10.43176870175936
22.9 -10.575161024571772
23.0 -10.718316994254634
23.1 -10.860167925694569
23.2 -10.999699166195114
23.3 -11.135957429691203
23.4 -11.268057248754182
23.5 -11.395186503371914
23.6 -11.516610996317445
23.7 -11.631678055858373
23.8 -11.73981915748894
23.9 -11.840551567171817
24.0 -11.933479019142439
24.1 -12.018291451546101
24.2 -12.09476383294185
24.3 -12.16275412191939
24.4 -12.222200410643817
24.5 -12.273117310985475
24.6 -12.315591648933129
24.7 -12.349777539163894
24.8 -12.375890916897555
24.9 -12.394203608452333
25.0 -12.40503702521
25.1 -12.40875556796953
25.2 -12.405759829908767
25.3 -12.39647968658414
25.4 -12.381367360591657
25.5 -12.360890546710861
25.6 -12.335525680591381
25.7 -12.30575143036326
25.8 -12.272042486010944
25.9 -12.23486371600949
26.0 -12.194664754651475
26.1 -12.151875076772075
26.2 -12.10689960929323
26.3 -12.060114921245917
26.4 -12.01186602578705
26.5 -11.962463819302561
26.6 -11.912183174081918
26.7 -11.861261692362485
26.8 -11.809899120877178
26.9 -11.758257416496244
27.0 -11.706461445232058
27.1 -11.65460028886993
27.2 -11.602729125889065
27.3 -11.550871646231474
27.4 -11.499022952942347
27.5 -11.44715289781582
27.6 -11.39520979299953
27.7 -11.343124436096181
27.8 -11.290814382697839
27.9 -11.238188397535898
28.0 -11.185151013555002
28.1 -11.131607127239501
28.2 -11.077466558443877
28.3 -11.022648503800514
28.4 -10.967085814486044
28.5 -10.910729031697254
28.6 -10.853550116586213
28.7 -10.795545815588836
28.8 -10.736740606999913
28.9 -10.677189180240642
29.0 -10.616978405464497
29.1 -10.556228757879222
29.2 -10.495095168346506
29.3 -10.433767279371066
29.4 -10.372469093417761
29.5 -10.311458008506317
29.6 -10.251023244133362
29.7 -10.191483668665349
29.8 -10.1331850473373
29.9 -10.07649673778723
30.0 -10.021807867561531
30.1 -9.969523035154062
30.2 -9.92005758280566
30.3 -9.873832495411783
30.4 -9.83126898539029
30.5 -9.792782828181965
30.6 -9.758778517134251
30.7 -9.729643309802567
30.8 -9.705741240151935
30.9 -9.687407172721153
31.0 -9.674940975500018
31.1 -9.66860188805346
31.2 -9.668603160302938
31.3 -9.67510703535136
31.4 -9.68822014683164
31.5 -9.707989397497638
31.6 -9.734398381197092
31.7 -9.767364405015622
31.8 -9.806736162314515
31.9 -9.852292100666041
32.0 -9.903739521389825
32.1 -9.960714439590191
32.2 -10.022782225371538
32.3 -10.089439038355014
32.4 -10.160114058829182
32.5 -10.234172509935183
32.6 -10.310919456312176
32.7 -10.38960435571042
32.8 -10.469426331316733
32.9 -10.54954012402827
33.0 -10.629062675751383
33.1 -10.707080287085573
33.2 -10.78265628556624
33.3 -10.854839134067744
33.4 -10.92267090308613
33.5 -10.985196025499832
33.6 -11.041470248107588
33.7 -11.090569690820262
33.8 -11.13159992188064
33.9 -11.163704955938357
34.0 -11.186076081239483
34.1 -11.197960422617268
34.2 -11.198669148394806
34.3 -11.187585231725999
34.4 -11.164170680289542
34.5 -11.12797315258447
34.6 -11.07863188431601
34.7 -11.015882854459445
34.8 -10.93956312748905
34.9 -10.84961431589302
35.0 -10.74608511538827
35.1 -10.629132874119447
35.2 -10.49902416648516
35.3 -10.356134351987125
35.4 -10.200946109545312
35.5 -10.034046947961258
35.6 -9.856125703537208
35.7 -9.667968046163136
35.8 -9.47045102536004
35.9 -9.264536697709007
36.0 -9.051264886696558
36.1 -8.83174513516624
36.2 -8.60714791918551
36.3 -8.378695200123785
36.4 -8.147650399004888
36.5 -7.915307883665145
36.6 -7.682982064845924
36.7 -7.45199620201251
36.8 -7.223671023366802
36.9 -6.999313267165267
37.0 -6.780204253032567
37.1 -6.567588592453262
37.2 -6.362663147017177
37.3 -6.166566341289004
37.4 -5.980367934380526
37.5 -5.8050593504476415
37.6 -5.641544663447571
37.7 -5.490632325619365
37.8 -5.353027722347915
37.9 -5.229326628403018
38.0 -5.120009632085213
38.1 -5.025437584641119
38.2 -4.945848122524044
38.3 -4.881353299767031
38.4 -4.831938357008809
38.5 -4.79746164267573
38.6 -4.777655690585858
38.7 -4.772129446919329
38.8 -4.780371628206448
38.9 -4.801755180837606
39.0 -4.835542801710832
39.1 -4.88089346911637
39.2 -4.936869922920869
39.3 -5.002447023661691
39.4 -5.076520911392257
39.5 -5.157918877124611
39.6 -5.2454098525793995
39.7 -5.337715417751997
39.8 -5.433521220602937
39.9 -5.53148869903724
40.0 -5.630266992296136
40.1 -5.728504926980531
40.2 -5.824862962180941
40.3 -5.918024978614264
40.4 -6.006709798262567
40.5 -6.08968232375966
40.6 -6.165764190652213
40.7 -6.233843830636748
40.8 -6.292885849893063
40.9 -6.341939633639698
41.0 -6.3801470959573505
41.1 -6.406749502682864
41.2 -6.421093304680508
41.3 -6.422634928952543
41.4 -6.410944485753892
41.5 -6.385708361016596
41.6 -6.346730674853839
41.7 -6.293933598582879
41.8 -6.227356534460258
41.9 -6.147154174038909
42.0 -6.053593462613801
42.1 -5.9470495084989485
42.2 -5.828000486756334
42.3 -5.697021597361663
42.4 -5.554778147533074
42.5 -5.4020178369639105
42.6 -5.239562332892603
42.7 -5.068298229223869
42.8 -4.889167490206528
42.9 -4.7031574844057795
43.0 -4.511290718823277
43.1 -4.314614385970428
43.2 -4.114189838454117
43.3 -3.911082106167467
43.4 -3.70634957048138
43.5 -3.5010339079090707
43.6 -3.296150412581246
43.7 -3.0926788025532748
43.8 -2.8915546095086087
43.9 -2.693661244878633
44.0 -2.4998228278330257
44.1 -2.3107978520827888
44.2 -2.12727375906685
44.3 -1.9498624749584628
44.4 -1.7790969581338383
44.5 -1.6154287924044604
44.6 -1.4592268495446064
44.7 -1.3107770325698604
44.8 -1.1702830989682245
44.9 -1.0378685507826693
45.0 -0.9135795662233755
45.1 -0.7973889354809176
45.2 -0.6892009517472291
45.3 -0.5888571972565665
45.4 -0.49614315355602534
45.5 -0.41079555532184786
45.6 -0.3325103979640645
45.7 -0.2609515011108833
45.8 -0.195759522928738
45.9 -0.13656131419831505
46.0 -0.08297949620351254
46.1 -0.03464214286009927
46.2 0.008807554837231127
46.3 0.047701765001748095
46.4 0.08233875431936079
46.5 0.11297401177897066
46.6 0.13981187465863634
46.7 0.16299777043805222
46.8 0.1826111826998142
46.9 0.198659442233222
47.0 0.2110724365251909
47.1 0.21969832168722497
47.2 0.22430031071001133
47.3 0.2245546008556314
47.4 0.22004949109842178
47.5 0.21028572792559763
47.6 0.19467810463325683
47.7 0.17255832563350013
47.8 0.14317913336232999
47.9 0.10571968128743481
48.0 0.059292122404995436
48.1 0.00294936863203925
48.2 -0.06430603720819707
48.3 -0.14351200840029266
48.4 -0.23573604467115208
48.5 -0.3420635021956016
48.6 -0.463585110821805
48.7 -0.601383856307223
48.8 -0.7565213545250923
48.9 -0.9300238525912261
49.0 -1.1228679985757015
49.1 -1.3359665268194802
49.2 -1.5701540098017028
49.3 -1.8261728299413695
49.4 -2.104659525625253
49.5 -2.4061316651033215
49.6 -2.7309753996718418
49.7 -3.07943384377505
49.8 -3.451596424317696
49.9 -3.8473893346271266
50.0 -4.266567220184429