0.0 1.0
0.1 -8.340149
0.2 -7.840325
0.3 -2.173533
0.4 -9.65001
0.5 -6.923551
0.6 -3.7496762
0.7 -11.143949
0.8 -8.338543
0.9 -6.373297
1.0 -12.338507
1.1 -9.591704
1.2 -9.669714
1.3 -14.091645
1.4 -11.213075
1.5 -12.484041
1.6 -15.617923
1.7 -13.403847
1.8 -15.136643
1.9 -16.451975
2.0 -15.55721
2.1 -17.324377
2.2 -17.968538
2.3 -17.293734
2.4 -18.485273
2.5 -18.766699
2.6 -18.761007
2.7 -19.722178
2.8 -19.4809
2.9 -19.44285
3.0 -19.895802
3.1 -20.190088
3.2 -20.062065
3.3 -20.321012
3.4 -20.30993
3.5 -20.058645
3.6 -20.354311
3.7 -20.248348
3.8 -19.910522
3.9 -20.088581
4.0 -20.184254
4.1 -19.866058
4.2 -19.697266
4.3 -19.44979
4.4 -18.730118
4.5 -19.281492
4.6 -18.997566
4.7 -17.518715
4.8 -18.302591
4.9 -16.743383
5.0 -15.954163
5.1 -16.984074
5.2 -14.749256
5.3 -14.231649
5.4 -15.308036
5.5 -11.561117
5.6 -11.80846
5.7 -13.131454
5.8 -8.664831
5.9 -10.374944
6.0 -11.066608
6.1 -5.9294558
6.2 -8.952298
6.3 -8.841994
6.4 -3.8556426
6.5 -8.09493
6.6 -7.284966
6.7 -2.7270765
6.8 -7.7351303
6.9 -6.0639057
7.0 -2.7148888
7.1 -8.253826
7.2 -5.687055
7.3 -3.1982343
7.4 -8.847924
7.5 -6.107101
7.6 -5.1332417
7.7 -9.691699
7.8 -6.6268997
7.9 -6.957132
8.0 -10.63082
8.1 -8.160435
8.2 -9.007678
8.3 -11.425761
8.4 -9.457461
8.5 -11.181593
8.6 -12.333804
8.7 -11.00523
8.8 -12.808605
8.9 -13.378478
9.0 -12.877244
9.1 -14.100392
9.2 -14.1786995
9.3 -13.925333
9.4 -15.192432
9.5 -15.137166
9.6 -15.21064
9.7 -15.791971
9.8 -15.675491
9.9 -15.853862
10.0 -16.41717
10.1 -16.198277
10.2 -16.125608
10.3 -16.513966
10.4 -16.529009
10.5 -16.480585
10.6 -16.633911
10.7 -16.572172
10.8 -16.420206
10.9 -16.796234
11.0 -16.600958
11.1 -16.065624
11.2 -16.470846
11.3 -16.200457
11.4 -15.727778
11.5 -16.151796
11.6 -15.136189
11.7 -14.813578
11.8 -15.307009
11.9 -14.027166
12.0 -13.769304
12.1 -14.178559
12.2 -12.567341
12.3 -12.593305
12.4 -13.128551
12.5 -10.669666
12.6 -11.518385
12.7 -11.807448
12.8 -9.181846
12.9 -10.421377
13.0 -10.29282
13.1 -7.540911
13.2 -9.656024
13.3 -9.044141
13.4 -6.341769
13.5 -8.976008
13.6 -7.8580356
13.7 -5.633903
13.8 -8.786048
13.9 -7.479849
14.0 -5.530214
14.1 -8.790564
14.2 -6.8956065
14.3 -5.919046
14.4 -9.152192
14.5 -7.130127
14.6 -6.7515345
14.7 -9.384661
14.8 -7.377417
14.9 -7.672374
15.0 -9.777843
15.1 -7.944694
15.2 -8.823593
15.3 -10.133997
15.4 -8.575583
15.5 -9.680798
15.6 -10.578612
15.7 -9.503156
15.8 -10.762054
15.9 -10.972868
16.0 -10.1452675
16.1 -11.524614
16.2 -11.425748
16.3 -11.097569
16.4 -12.073876
16.5 -11.759774
16.6 -11.686435
16.7 -12.533587
16.8 -12.186908
16.9 -12.202028
17.0 -12.628189
17.1 -12.410651
17.2 -12.614437
17.3 -13.01253
17.4 -12.678975
17.5 -12.686765
17.6 -12.950609
17.7 -12.881807
17.8 -12.915824
17.9 -13.044069
18.0 -12.832032
18.1 -12.701695
18.2 -13.166945
18.3 -12.771395
18.4 -12.637576
18.5 -12.8892975
18.6 -12.357648
18.7 -12.474473
18.8 -12.7268095
18.9 -11.958821
19.0 -12.133589
19.1 -12.314066
19.2 -11.4103565
19.3 -11.695239
19.4 -11.766136
19.5 -10.774285
19.6 -11.423829
19.7 -11.293201
19.8 -10.113119
19.9 -10.956199
20.0 -10.668481
20.1 -9.673896
20.2 -10.71547
20.3 -10.240711
20.4 -9.055872
20.5 -10.383488
20.6 -9.877187
20.7 -8.8154
20.8 -10.26517
20.9 -9.4793825
21.0 -8.671613
21.1 -10.30519
21.2 -9.387999
21.3 -8.686642
21.4 -10.330359
21.5 -9.275382
21.6 -9.007594
21.7 -10.440898
21.8 -9.153206
21.9 -9.318253
22.0 -10.50751
22.1 -9.369539
22.2 -9.798666
22.3 -10.467555
22.4 -9.424979
22.5 -10.262658
22.6 -10.618689
22.7 -9.866927
22.8 -10.603573
22.9 -10.518368
23.0 -10.31373
23.1 -10.951972
23.2 -10.755277
23.3 -10.6574545
23.4 -11.187603
23.5 -11.076951
23.6 -11.061458
23.7 -11.366157
23.8 -11.218926
23.9 -11.339057
24.0 -11.690048
24.1 -11.494523
24.2 -11.577189
24.3 -11.732574
24.4 -11.660358
24.5 -11.816463
24.6 -11.88198
24.7 -11.816985
24.8 -11.763325
24.9 -11.864459
25.0 -11.892702
25.1 -11.853279
25.2 -11.981987
25.3 -11.800876
25.4 -11.716471
25.5 -11.92776
25.6 -11.706916
25.7 -11.7649975
25.8 -11.808779
25.9 -11.563148
26.0 -11.668953
26.1 -11.650962
26.2 -11.332528
26.3 -11.580236
26.4 -11.562758
26.5 -11.185659
26.6 -11.341596
26.7 -11.257151
26.8 -11.005163
26.9 -11.348293
27.0 -11.226586
27.1 -10.773244
27.2 -11.114941
27.3 -10.966618
27.4 -10.634457
27.5 -11.125414
27.6 -10.875995
27.7 -10.452553
27.8 -10.993616
27.9 -10.738726
28.0 -10.400398
28.1 -11.04142
28.2 -10.694456
28.3 -10.368854
28.4 -11.050183
28.5 -10.583553
28.6 -10.396149
28.7 -11.096519
28.8 -10.5595455
28.9 -10.5941105
29.0 -11.098242
29.1 -10.456222
29.2 -10.630789
29.3 -11.082246
29.4 -10.55048
29.5 -10.851835
29.6 -10.901086
29.7 -10.420042
29.8 -10.91792
29.9 -10.796186
30.0 -10.528043
30.1 -10.822695
30.2 -10.471058
30.3 -10.546498
30.4 -10.696335
30.5 -10.399035
30.6 -10.454791
30.7 -10.4487295
30.8 -10.3584385
30.9 -10.450039
31.0 -10.36823
31.1 -10.173662
31.2 -10.284084
31.3 -10.305407
31.4 -10.214655
31.5 -10.246951
31.6 -10.123947
31.7 -10.115786
31.8 -10.206493
31.9 -10.154009
32.0 -10.124659
32.1 -10.049289
32.2 -10.112191
32.3 -10.168563
32.4 -10.136967
32.5 -10.176412
32.6 -10.051269
32.7 -10.073877
32.8 -10.160669
32.9 -10.03981
33.0 -10.106278
33.1 -10.101351
33.2 -10.003003
33.3 -10.076933
33.4 -10.0292225
33.5 -9.897681
33.6 -10.078101
33.7 -10.06736
33.8 -9.9144535
33.9 -9.984384
34.0 -9.914854
34.1 -9.864474
34.2 -10.107715
34.3 -10.002516
34.4 -9.809195
34.5 -9.949936
34.6 -9.90003
34.7 -9.829709
34.8 -10.030181
34.9 -9.889897
35.0 -9.755372
35.1 -10.005654
35.2 -9.886113
35.3 -9.762862
35.4 -10.020701
35.5 -9.828742
35.6 -9.790346
35.7 -10.052217
35.8 -9.748981
35.9 -9.763169
36.0 -9.908995
36.1 -9.673601
36.2 -9.737678
36.3 -9.758286
36.4 -9.459068
36.5 -9.580275
36.6 -9.52382
36.7 -9.340917
36.8 -9.359212
36.9 -8.794971
37.0 -8.691312
37.1 -8.671527
37.2 -8.311818
37.3 -8.229062
37.4 -7.8120275
37.5 -7.4314156
37.6 -7.5199046
37.7 -7.205062
37.8 -6.8781877
37.9 -6.8723655
38.0 -6.557708
38.1 -6.2918124
38.2 -6.357019
38.3 -6.001892
38.4 -5.781438
38.5 -5.8125224
38.6 -5.506946
38.7 -5.427913
38.8 -5.311619
38.9 -5.209545
39.0 -5.2313356
39.1 -5.2286944
39.2 -5.260421
39.3 -5.231699
39.4 -5.174977
39.5 -5.2433
39.6 -5.2543087
39.7 -5.2259827
39.8 -5.253946
39.9 -5.213061
40.0 -5.207995
40.1 -5.2691045
40.2 -5.2085667
40.3 -5.206553
40.4 -5.236157
40.5 -5.1899056
40.6 -5.202644
40.7 -5.207266
40.8 -5.1499696
40.9 -5.207467
41.0 -5.2391124
41.1 -5.16269
41.2 -5.1714787
41.3 -5.1524057
41.4 -5.1539626
41.5 -5.2532167
41.6 -5.20587
41.7 -5.1492877
41.8 -5.1839414
41.9 -5.1864266
42.0 -5.212079
42.1 -5.254648
42.2 -5.2011576
42.3 -5.1621175
42.4 -5.2127643
42.5 -5.178819
42.6 -5.174196
42.7 -5.1871414
42.8 -5.121638
42.9 -5.163317
43.0 -5.1323204
43.1 -5.0596704
43.2 -5.065948
43.3 -4.930198
43.4 -4.8941474
43.5 -4.853611
43.6 -4.6391773
43.7 -4.5780363
43.8 -4.310809
43.9 -4.1786265
44.0 -4.171041
44.1 -3.606787
44.2 -3.1044307
44.3 -3.1115797
44.4 -2.6932025
44.5 -2.5379508
44.6 -2.41881
44.7 -1.3399051
44.8 -1.333457
44.9 -1.3485715
45.0 -1.0117427
45.1 -0.8767622
45.2 -0.71987593
45.3 -0.29593676
45.4 -0.2676902
45.5 -0.18231677
45.6 -0.10209984
45.7 -0.0993033
45.8 -0.08791468
45.9 -0.06274265
46.0 -0.0467155
46.1 -0.03838284
46.2 -0.03595993
46.3 -0.042723894
46.4 -0.041931093
46.5 -0.046213854
46.6 -0.043858644
46.7 -0.043664213
46.8 -0.054095574
46.9 -0.05542198
47.0 -0.058747496
47.1 -0.060527246
47.2 -0.05916427
47.3 -0.062193546
47.4 -0.062079728
47.5 -0.06421116
47.6 -0.07103277
47.7 -0.07377436
47.8 -0.070558794
47.9 -0.062597014
48.0 -0.06522905
48.1 -0.07085646
48.2 -0.075781144
48.3 -0.075561084
48.4 -0.065366514
48.5 -0.059814293
48.6 -0.06459343
48.7 -0.06731981
48.8 -0.070566125
48.9 -0.06565407
49.0 -0.059224505
49.1 -0.06324129
49.2 -0.06574919
49.3 -0.06611921
49.4 -0.04815428
49.5 -0.04384703
49.6 -0.03714571
49.7 -0.043379087
49.8 -0.03479127
49.9 -0.034778975
50.0 -6.966762E-4
