0.0 4.7774615
0.1 4.649626
0.2 4.0115547
0.3 6.339625
0.4 2.6101904
0.5 3.4586127
0.6 4.0888677
0.7 4.1168585
0.8 4.7705307
0.9 4.0113735
1.0 3.7106526
1.1 3.04125
1.2 2.9830585
1.3 2.342611
1.4 4.142043
1.5 2.2948465
1.6 2.9318073
1.7 2.815248
1.8 2.0196185
1.9 1.9921919
2.0 1.6051712
2.1 2.0680828
2.2 2.9290984
2.3 1.5874056
2.4 1.6790372
2.5 1.8631736
2.6 1.9112422
2.7 2.2712739
2.8 1.1902535
2.9 1.2616261
3.0 1.4573016
3.1 1.4662848
3.2 1.4690477
3.3 0.90140724
3.4 0.9093201
3.5 1.1913515
3.6 1.7617679
3.7 1.9282883
3.8 1.4692457
3.9 2.1681242
4.0 2.0712497
4.1 3.739005
4.2 4.413579
4.3 4.0712404
4.4 6.647373
4.5 7.037977
4.6 10.61099
4.7 12.400147
4.8 16.940369
4.9 10.693755
5.0 8.35541
5.1 13.164387
5.2 14.671453
5.3 13.35787
5.4 23.484783
5.5 15.544747
5.6 14.417809
5.7 15.630556
5.8 8.461798
5.9 16.091583
6.0 17.258844
6.1 5.7050414
6.2 15.3884535
6.3 14.174674
6.4 9.211338
6.5 11.204871
6.6 10.764921
6.7 10.1857
6.8 10.7812
6.9 6.8552136
7.0 5.111685
7.1 7.97911
7.2 6.6646543
7.3 6.7067366
7.4 9.550529
7.5 3.9537055
7.6 5.5956798
7.7 3.3570437
7.8 6.234088
7.9 6.1170487
8.0 4.3417516
8.1 4.51782
8.2 3.4765518
8.3 3.6740904
8.4 4.0872865
8.5 5.0892262
8.6 5.6245914
8.7 2.263354
8.8 0.96310616
8.9 3.0692818
9.0 3.6357026
9.1 4.2300534
9.2 4.841236
9.3 3.1655598
9.4 2.7995675
9.5 0.9012165
9.6 2.974986
9.7 3.597116
9.8 2.4463809
9.9 2.587736
10.0 2.1756728
10.1 1.3322515
10.2 1.491271
10.3 1.9724393
10.4 2.288154
10.5 1.9088
10.6 1.1443597
10.7 1.2379668
10.8 2.0179048
10.9 3.7043867
11.0 4.216578
11.1 3.6409783
11.2 7.6822867
11.3 7.378393
11.4 9.1536455
11.5 14.067462
11.6 3.1801164
11.7 10.07729
11.8 12.974856
11.9 10.261251
12.0 12.950407
12.1 12.797305
12.2 7.480584
12.3 12.673684
12.4 14.483882
12.5 4.5019345
12.6 11.909908
12.7 15.915742
12.8 7.346031
12.9 12.792949
13.0 12.043101
13.1 2.5259643
13.2 15.401725
13.3 8.106937
13.4 7.4374943
13.5 9.821908
13.6 7.8889422
13.7 4.7116566
13.8 6.876263
13.9 5.3988914
14.0 6.011144
14.1 7.277982
14.2 4.5350337
14.3 7.7975106
14.4 3.8860216
14.5 1.7811537
14.6 7.480907
14.7 3.6565783
14.8 3.187426
14.9 4.595914
15.0 2.4618309
15.1 4.4185295
15.2 4.192946
15.3 2.75138
15.4 4.035186
15.5 1.2105055
15.6 2.5515456
15.7 5.809486
15.8 1.7213156
15.9 3.7379706
16.0 1.1393977
16.1 0.93530536
16.2 4.0564775
16.3 1.0513669
16.4 2.0948138
16.5 2.1779888
16.6 2.1167939
16.7 3.2282999
16.8 1.8917152
16.9 1.4278415
17.0 1.6410528
17.1 2.1817176
17.2 1.3271481
17.3 1.1974518
17.4 2.5566301
17.5 2.1969643
17.6 2.449801
17.7 2.1178756
17.8 1.4634131
17.9 3.2158504
18.0 2.5819228
18.1 3.9353793
18.2 6.2429695
18.3 3.048841
18.4 5.958502
18.5 7.5620623
18.6 4.3469257
18.7 6.1815557
18.8 8.059346
18.9 3.7202728
19.0 7.726647
19.1 9.4314
19.2 5.5717235
19.3 7.139612
19.4 8.509166
19.5 2.7610757
19.6 8.561212
19.7 9.455504
19.8 3.7097788
19.9 8.030403
20.0 5.9499507
20.1 3.9890645
20.2 8.085967
20.3 6.3267617
20.4 3.4632547
20.5 5.700344
20.6 2.5788622
20.7 3.2112823
20.8 5.4020753
20.9 2.0165184
21.0 2.1197815
21.1 3.670957
21.2 1.2807337
21.3 2.6644783
21.4 4.3097444
21.5 1.0280454
21.6 1.8503518
21.7 2.64916
21.8 2.281237
21.9 2.7663875
22.0 2.1079135
22.1 1.9882278
22.2 1.9023201
22.3 0.7882042
22.4 2.5519333
22.5 2.6021638
22.6 1.5891217
22.7 2.0235603
22.8 0.8840976
22.9 1.9912815
23.0 1.0987008
23.1 0.9546802
23.2 1.818744
23.3 1.0900165
23.4 2.0758767
23.5 2.2114043
23.6 0.7771004
23.7 0.8776816
23.8 1.1080025
23.9 1.4854518
24.0 1.6895038
24.1 1.121088
24.2 1.3276887
24.3 1.6042823
24.4 0.92201245
24.5 0.92424667
24.6 0.6006694
24.7 1.2405761
24.8 1.4036927
24.9 1.9697142
25.0 0.77475864
25.1 2.5225267
25.2 3.0033689
25.3 2.2082877
25.4 3.5334983
25.5 4.4337873
25.6 2.3578207
25.7 2.966669
25.8 3.6723838
25.9 2.028231
26.0 3.2775319
26.1 4.0695233
26.2 2.129245
26.3 3.8797958
26.4 3.5652838
26.5 1.2172805
26.6 3.8870769
26.7 4.707246
26.8 1.7839234
26.9 3.7874882
27.0 3.9206686
27.1 1.8698082
27.2 4.6979017
27.3 3.4971826
27.4 1.8691745
27.5 3.9230165
27.6 1.9743814
27.7 1.5995096
27.8 4.1145186
27.9 2.1991208
28.0 1.608202
28.1 2.9191053
28.2 0.738729
28.3 2.7284522
28.4 2.0815272
28.5 0.8260938
28.6 2.207214
28.7 1.9018189
28.8 1.375974
28.9 1.725877
29.0 0.85093415
29.1 1.2810948
29.2 1.4503863
29.3 0.5268327
29.4 1.2787143
29.5 0.70813406
29.6 0.7074131
29.7 1.004071
29.8 0.84894824
29.9 0.7212342
30.0 0.87810427
30.1 0.5125176
30.2 0.72602546
30.3 0.5725294
30.4 1.0562973
30.5 0.7920103
30.6 0.5079183
30.7 0.47637147
30.8 0.9441224
30.9 0.8941008
31.0 0.5417918
31.1 0.55863446
31.2 0.46607137
31.3 0.76784325
31.4 0.64345175
31.5 0.4628398
31.6 0.6649685
31.7 0.24567741
31.8 0.99769014
31.9 0.7336691
32.0 0.60809696
32.1 1.7680845
32.2 1.3519167
32.3 1.193562
32.4 1.9201305
32.5 1.5950303
32.6 1.0655248
32.7 1.9187723
32.8 2.0014284
32.9 1.1820486
33.0 1.3620099
33.1 1.1692929
33.2 1.5355983
33.3 2.2815986
33.4 2.3549316
33.5 1.2080231
33.6 1.6990937
33.7 1.6242496
33.8 0.657724
33.9 2.2758422
34.0 2.609448
34.1 0.854458
34.2 1.6411607
34.3 1.8685337
34.4 0.9719163
34.5 2.0529912
34.6 2.1068509
34.7 0.81688184
34.8 1.4532272
34.9 0.9232584
35.0 1.1570317
35.1 3.059707
35.2 0.89806557
35.3 0.7445802
35.4 1.5632662
35.5 0.18830386
35.6 2.4693055
35.7 1.33292
35.8 0.57421553
35.9 1.3627685
36.0 0.27256382
36.1 1.1627538
36.2 0.66708535
36.3 0.6830214
36.4 0.5904776
36.5 0.34372446
36.6 0.9591787
36.7 0.64314574
36.8 0.592554
36.9 0.37641674
37.0 0.46614447
37.1 0.3686728
37.2 0.33529776
37.3 0.5028961
37.4 0.25444204
37.5 0.62892723
37.6 0.34914756
37.7 0.6356616
37.8 0.3842231
37.9 0.3908422
38.0 0.45327985
38.1 0.50324327
38.2 0.4598461
38.3 0.31092098
38.4 0.4353094
38.5 0.4128784
38.6 0.6620598
38.7 0.35753778
38.8 0.5007885
38.9 0.60728896
39.0 0.54781634
39.1 1.1224165
39.2 0.34893328
39.3 0.659998
39.4 1.2959732
39.5 1.0773691
39.6 0.88407505
39.7 1.1932188
39.8 1.1723794
39.9 0.7094201
40.0 1.0788187
40.1 1.2211134
40.2 0.5210017
40.3 0.6148562
40.4 0.95127404
40.5 0.46604633
40.6 0.68859816
40.7 1.1528935
40.8 0.2177587
40.9 0.48917544
41.0 0.61103654
41.1 0.32163125
41.2 1.2954446
41.3 1.1466752
41.4 0.3614186
41.5 0.72915095
41.6 0.63136876
41.7 0.65825224
41.8 1.3555491
41.9 1.0240068
42.0 0.16153412
42.1 0.7437673
42.2 0.18592486
42.3 0.785025
42.4 1.5764115
42.5 0.29731184
42.6 0.43248808
42.7 0.6445648
42.8 0.52299756
42.9 1.5127292
43.0 0.24255514
43.1 0.10581624
43.2 0.4028647
43.3 0.04782761
43.4 0.9888693
43.5 0.52067155
43.6 0.06477082
43.7 0.15077016
43.8 0.23376209
43.9 0.6348511
44.0 0.27559292
44.1 0.25631335
44.2 0.13566798
44.3 0.2969057
44.4 0.36339095
44.5 0.32759953
44.6 0.15186317
44.7 0.10671301
44.8 0.54706216
44.9 0.29798797
45.0 0.24616987
45.1 0.17384121
45.2 0.1252263
45.3 0.47436684
45.4 0.2274985
45.5 0.30217773
45.6 0.14942116
45.7 0.07885311
45.8 0.14338523
45.9 0.14739521
46.0 0.34745246
46.1 0.38430366
46.2 0.530546
46.3 0.6390116
46.4 0.24957365
46.5 0.3516032
46.6 0.19146495
46.7 0.5638343
46.8 0.7924203
46.9 0.364919
47.0 0.31069016
47.1 0.42726958
47.2 0.2730397
47.3 0.57348233
47.4 0.60254663
47.5 0.22950685
47.6 0.20063736
47.7 0.29524916
47.8 0.04782761
47.9 0.19542277
48.0 0.3040919
48.1 0.1428319
48.2 0.24601257
48.3 0.20358714
48.4 0.0
48.5 0.2955449
48.6 0.2575606
48.7 0.12391244
48.8 0.19372144
48.9 0.060553603
49.0 0.16523953
49.1 0.3515777
49.2 0.080995776
49.3 0.17814715
49.4 0.14938796
49.5 3.4178793E-4
49.6 0.42640057
49.7 0.26170397
49.8 0.026018448
49.9 0.039449476
50.0 0.05772885
