0.0 1.2192085
0.1 4.30419
0.2 0.9625556
0.3 2.4370632
0.4 -0.1765069
0.5 2.320771
0.6 1.1581584
0.7 3.4172306
0.8 -0.2262128
0.9 1.1928347
1.0 0.95734596
1.1 1.8713399
1.2 1.4309051
1.3 0.66720665
1.4 0.1950325
1.5 0.8063269
1.6 1.9489071
1.7 1.832348
1.8 0.82284665
1.9 0.38973013
2.0 0.37061998
2.1 0.941206
2.2 1.7825276
2.3 0.7119537
2.4 0.54326457
2.5 0.6724768
2.6 0.91342366
2.7 1.2834333
2.8 0.31480172
2.9 0.4095554
3.0 0.71127605
3.1 0.7202591
3.2 0.7547679
3.3 0.23606917
3.4 0.26585865
3.5 -0.08014822
3.6 -0.10020304
3.7 1.404485
3.8 0.8745675
3.9 1.6750278
4.0 1.5718662
4.1 -2.9486866
4.2 -3.923666
4.3 -3.022968
4.4 1.6391425
4.5 6.3403997
4.6 6.536192
4.7 -4.168265
4.8 -14.852464
4.9 -9.177821
5.0 8.049073
5.1 13.164387
5.2 2.0212536
5.3 -0.943632
5.4 -23.484783
5.5 -7.689124
5.6 8.120619
5.7 15.329923
5.8 2.3737502
5.9 -15.422214
6.0 -17.258844
6.1 0.3902075
6.2 8.096468
6.3 12.923329
6.4 -3.358911
6.5 -9.807286
6.6 -7.033501
6.7 2.2378907
6.8 8.950924
6.9 4.4252963
7.0 -1.5433011
7.1 -5.363844
7.2 -1.4573783
7.3 4.3174696
7.4 4.147237
7.5 1.621254
7.6 -0.25294355
7.7 -2.1837053
7.8 5.094612
7.9 1.3609366
8.0 1.3584183
8.1 -0.020799033
8.2 0.5955894
8.3 0.70191276
8.4 2.0461624
8.5 2.457884
8.6 -0.37239674
8.7 0.7615584
8.8 0.49524227
8.9 1.7963599
9.0 2.602292
9.1 0.23712713
9.2 2.455067
9.3 1.0496789
9.4 2.056458
9.5 -0.43838775
9.6 1.5887754
9.7 2.450183
9.8 2.4463809
9.9 0.592304
10.0 0.18388769
10.1 -0.14468
10.2 1.1747841
10.3 1.7784822
10.4 1.4988048
10.5 1.0800301
10.6 0.55349654
10.7 1.18886
10.8 1.050238
10.9 -0.5547315
11.0 -3.3650775
11.1 1.4008429
11.2 6.828344
11.3 6.8913393
11.4 -7.467702
11.5 -13.280326
11.6 -0.6698097
11.7 10.07729
11.8 12.974856
11.9 3.060354
12.0 -12.352667
12.1 -12.797305
12.2 -4.860552
12.3 10.844941
12.4 14.483882
12.5 4.2831783
12.6 -11.44761
12.7 -15.915742
12.8 4.8384614
12.9 12.58267
13.0 12.043101
13.1 0.46585816
13.2 -15.401725
13.3 -7.8234024
13.4 4.8537407
13.5 9.1648445
13.6 6.0000086
13.7 -4.0256233
13.8 -5.549955
13.9 -5.1635485
14.0 3.5763524
14.1 6.6225877
14.2 3.2294254
14.3 -4.7061048
14.4 -0.29126775
14.5 -0.720955
14.6 4.2241845
14.7 1.8946288
14.8 1.4804555
14.9 -3.1869962
15.0 2.1013184
15.1 1.2508998
15.2 3.0305877
15.3 1.9216304
15.4 -0.17978644
15.5 0.12512845
15.6 -0.6116846
15.7 3.1314166
15.8 0.54393137
15.9 -0.27464423
16.0 -0.34740534
16.1 -0.081617564
16.2 0.9165231
16.3 0.11948834
16.4 -0.4586738
16.5 1.021453
16.6 0.33254895
16.7 0.14895096
16.8 -0.10289166
16.9 -0.5183588
17.0 0.91777575
17.1 1.8371286
17.2 0.73839194
17.3 -1.1974518
17.4 0.5062927
17.5 0.9411137
17.6 0.6582416
17.7 1.1639566
17.8 0.1824364
17.9 2.5916142
18.0 1.436402
18.1 -1.2777467
18.2 -4.6344223
18.3 -2.2095642
18.4 5.958502
18.5 6.522628
18.6 2.783761
18.7 -5.6088333
18.8 -7.3995223
18.9 -1.5308673
19.0 7.318934
19.1 9.4314
19.2 1.6386749
19.3 -6.605364
19.4 -7.947244
19.5 -0.04317832
19.6 8.561212
19.7 9.455504
19.8 -1.8400401
19.9 -8.030403
20.0 -5.9499507
20.1 3.5417335
20.2 8.085967
20.3 6.2630434
20.4 -2.9588523
20.5 -5.700083
20.6 -2.019084
20.7 2.6616664
20.8 5.4020753
20.9 2.0165184
21.0 -2.085933
21.1 -3.3410254
21.2 -0.36580545
21.3 1.3079
21.4 4.3097444
21.5 0.059966445
21.6 -1.503104
21.7 -2.1687534
21.8 1.6265931
21.9 2.4707897
22.0 1.3380116
22.1 -0.6626087
22.2 -1.1136714
22.3 0.055201776
22.4 0.88994014
22.5 2.3262672
22.6 -0.81645256
22.7 -0.11315607
22.8 -0.5551857
22.9 0.9018748
23.0 0.58207005
23.1 -0.8620793
23.2 0.61823726
23.3 -0.8439229
23.4 1.4040524
23.5 -1.4919547
23.6 -0.45400116
23.7 0.045034386
23.8 1.1080025
23.9 0.84844995
24.0 -1.6466451
24.1 -0.2590374
24.2 0.03312239
24.3 1.3205007
24.4 0.3483516
24.5 -0.8318409
24.6 -0.6006694
24.7 0.21736121
24.8 -0.27703884
24.9 -1.1480174
25.0 -0.3129837
25.1 0.97574013
25.2 2.8833785
25.3 0.765223
25.4 -3.3380988
25.5 -3.7172074
25.6 -0.56147397
25.7 2.966669
25.8 3.1642206
25.9 -1.0412524
26.0 -3.2775319
26.1 -3.7078452
26.2 -0.05256506
26.3 3.6133907
26.4 3.5652838
26.5 0.1306398
26.6 -3.8870769
26.7 -4.4603415
26.8 1.0826104
26.9 3.4467843
27.0 3.7285714
27.1 -0.91900486
27.2 -4.695198
27.3 -3.4822688
27.4 0.40617263
27.5 3.8902316
27.6 1.7124035
27.7 -1.33085
27.8 -4.1145186
27.9 -1.8125296
28.0 1.4331756
28.1 2.9191053
28.2 0.6281553
28.3 -2.6448343
28.4 -2.0815272
28.5 0.32405165
28.6 2.1593983
28.7 1.7944723
28.8 -1.375974
28.9 -1.6813312
29.0 -0.2607416
29.1 1.0488877
29.2 1.1256497
29.3 -0.5268327
29.4 -0.2581903
29.5 -0.6658652
29.6 0.599748
29.7 0.12596045
29.8 -0.45873728
29.9 -0.3061169
30.0 -0.04174798
30.1 0.1630943
30.2 -0.4112206
30.3 -0.24629398
30.4 -0.47037157
30.5 0.4926173
30.6 -0.22022256
30.7 -0.42786026
30.8 -0.9441224
30.9 -0.07652563
31.0 0.25558424
31.1 0.059933573
31.2 -0.31988007
31.3 -0.76784325
31.4 0.21994632
31.5 0.14900753
31.6 -0.16323778
31.7 -0.16021979
31.8 -0.041769497
31.9 0.031775415
32.0 -0.108258575
32.1 -1.4842893
32.2 -1.3519167
32.3 -0.33618262
32.4 0.9360941
32.5 1.2111427
32.6 -0.39209038
32.7 -1.9187723
32.8 -1.5394065
32.9 -0.7580031
33.0 1.0418808
33.1 1.0344895
33.2 -0.7454416
33.3 -2.2590308
33.4 -2.2376487
33.5 -0.2940978
33.6 1.4864128
33.7 1.0806941
33.8 -0.32085627
33.9 -2.2758422
34.0 -2.331033
34.1 0.12907079
34.2 1.4032476
34.3 1.4709401
34.4 -0.6965207
34.5 -2.0388896
34.6 -2.1068509
34.7 0.15503353
34.8 1.4532272
34.9 0.8295121
35.0 -1.1570317
35.1 -3.059707
35.2 -0.74610174
35.3 0.66875297
35.4 1.5632662
35.5 -0.12666395
35.6 -2.4693055
35.7 -1.33292
35.8 0.22818524
35.9 1.3506082
36.0 0.070597
36.1 -1.1627538
36.2 -0.6469595
36.3 -0.34117886
36.4 0.11443825
36.5 0.20458004
36.6 -0.81853545
36.7 -0.5437948
36.8 -0.12128532
36.9 -0.048498675
37.0 -0.35479257
37.1 -0.3686728
37.2 -0.06667411
37.3 0.17393243
37.4 -0.005044088
37.5 -0.62892723
37.6 -0.33469075
37.7 0.19461769
37.8 0.08212153
37.9 -0.18600279
38.0 -0.45327985
38.1 -0.48390242
38.2 0.19724616
38.3 0.10556617
38.4 -0.092530556
38.5 -0.4128784
38.6 -0.48154682
38.7 -0.12235067
38.8 -0.25318426
38.9 -0.4466674
39.0 0.0014390349
39.1 0.30236888
39.2 0.20088083
39.3 -0.10529897
39.4 -1.2959732
39.5 -1.0773691
39.6 -0.22348046
39.7 0.644678
39.8 0.52456486
39.9 -0.27687192
40.0 -1.0788187
40.1 -0.8987425
40.2 -0.082134195
40.3 0.46735165
40.4 0.4815608
40.5 -0.19802354
40.6 -0.68859816
40.7 -1.1528935
40.8 -0.15690383
40.9 0.4229747
41.0 0.30973265
41.1 -0.32163125
41.2 -1.2789012
41.3 -1.1466752
41.4 -0.2200205
41.5 0.35523236
41.6 0.36922577
41.7 -0.4146026
41.8 -1.3555491
41.9 -1.0240068
42.0 -0.024350315
42.1 0.62144053
42.2 0.10465519
42.3 -0.785025
42.4 -1.5764115
42.5 -0.29731184
42.6 0.43248808
42.7 0.6445648
42.8 -0.52299756
42.9 -1.5127292
43.0 -0.24255514
43.1 0.08388791
43.2 0.31744432
43.3 -0.04782761
43.4 -0.95653343
43.5 -0.52067155
43.6 -0.06477082
43.7 -0.012794293
43.8 -0.23376209
43.9 -0.6348511
44.0 -0.27559292
44.1 -0.19581386
44.2 -0.13566798
44.3 -0.26858187
44.4 -0.36339095
44.5 -0.13811624
44.6 -0.10601573
44.7 -0.06444411
44.8 -0.54706216
44.9 -0.29798797
45.0 -0.043721713
45.1 -0.079153694
45.2 -0.1252263
45.3 -0.47436684
45.4 -0.2274985
45.5 0.027254537
45.6 -0.0034516007
45.7 -0.07885311
45.8 -0.14338523
45.9 -0.14739521
46.0 -0.24832326
46.1 -0.17972603
46.2 -0.530546
46.3 -0.48291868
46.4 0.18678832
46.5 0.3024965
46.6 -0.08272291
46.7 -0.5638343
46.8 -0.7924203
46.9 -0.15289801
47.0 0.050369248
47.1 -0.030335069
47.2 -0.2730397
47.3 -0.57348233
47.4 -0.27720064
47.5 -0.13690597
47.6 0.17595066
47.7 -0.038319275
47.8 -0.04782761
47.9 -0.19542277
48.0 -0.3040919
48.1 -0.1428319
48.2 0.048476823
48.3 -0.0024913102
48.4 0.0
48.5 -0.2955449
48.6 -0.2575606
48.7 -0.06385529
48.8 0.19372144
48.9 0.060553603
49.0 -0.16523953
49.1 -0.3515777
49.2 -0.080995776
49.3 0.17814715
49.4 0.14938796
49.5 -3.4178793E-4
49.6 -0.42640057
49.7 -0.26170397
49.8 0.026018448
49.9 0.039449476
50.0 -0.05772885
