
SQUARE WAVE
Transmission Frequencies:
	1713.0
	4475.3335
	7237.667
	10000.0
0 0000[ 141.85849 62.843937 46.220676 42.041004 ]
1 1000[ 48208.13 160.30444 98.440125 588.0589 ]
2 0100[ 235.64738 15605.969 105.55531 76.43646 ]
3 1100[ 24350.41 9567.865 100.97198 301.78394 ]
4 0010[ 420.2314 135.26022 18978.588 123.30289 ]
5 1010[ 25752.24 125.88411 10205.605 328.11417 ]
6 0110[ 274.85303 9679.845 10050.792 83.98329 ]
7 1110[ 19094.775 5542.5356 8608.463 551.9292 ]
8 0001[ 219.27325 160.95502 110.10296 2118.4019 ]
9 1001[ 22566.408 152.823 101.1702 1439.7631 ]
10 0101[ 224.58743 6579.581 96.08755 1147.1593 ]
11 1101[ 20298.809 6347.379 2962.78 1056.264 ]
12 0011[ 222.5929 136.26053 8864.0 1112.7797 ]
13 1011[ 19225.771 2691.1548 7854.883 1291.6572 ]
14 0111[ 7442.9097 6927.0713 5329.3164 1044.2435 ]
15 1111[ 13475.689 4803.939 4964.079 805.0188 ]


SINE WAVE
Transmission Frequencies:
	1713.0
	4475.3335
	7237.667
	10000.0
0 0000 [ 221.45024 66.452034 55.193962 40.792603 ]
1 1000 [ 125079.89 354.63513 100.807724 157.1308 ]
2 0100 [ 247.5907 26036.363 100.82999 65.5836 ]
3 1100 [ 38952.055 14124.407 2554.283 87.59505 ]
4 0010 [ 223.71785 117.92693 23418.092 84.87572 ]
5 1010 [ 34213.242 148.5145 13541.984 82.86145 ]
6 0110 [ 5229.6406 12270.215 12085.924 357.17645 ]
7 1110 [ 25101.16 8144.592 9545.06 628.35565 ]
8 0001 [ 220.62112 104.76832 78.19482 4019.9675 ]
9 1001 [ 34380.64 140.6579 96.85423 2276.4788 ]
10 0101 [ 236.91867 11773.679 91.54374 1852.0203 ]
11 1101 [ 24902.287 10635.612 3241.5784 1841.2643 ]
12 0011 [ 434.1341 1907.6091 11022.696 1709.5288 ]
13 1011 [ 22333.0 3228.419 9640.149 1597.2062 ]
14 0111 [ 6404.417 8455.7705 6514.4595 1403.1226 ]
15 1111 [ 17559.113 5323.0513 5493.119 1304.4503 ]
