15 09 04 00 21 12 07 23 14 10 01 08 20 17 11 03 19 22 16 18 05 02 13 06 
07 12 17 01 18 09 15 08 10 14 00 23 16 04 22 19 03 11 20 21 13 06 05 02 
20 23 03 02 08 21 22 18 04 19 13 12 11 10 15 14 17 16 07 09 00 05 06 01 
00 01 02 03 04 05 06 07 08 09 10 11 12 13 14 15 16 17 18 19 20 21 22 23 
05 06 00 04 14 02 13 16 21 18 17 20 08 01 03 11 22 19 23 10 15 12 07 09 
11 18 14 05 12 08 16 09 03 17 06 21 15 19 20 04 10 07 22 23 02 00 01 13 
16 08 19 06 23 18 11 21 17 03 05 09 22 14 07 10 04 20 15 12 01 13 02 00 
19 14 18 07 06 16 08 02 22 00 12 10 13 11 23 01 21 05 03 20 09 17 04 15 
21 22 20 08 15 03 10 17 05 07 16 00 04 23 02 12 06 09 01 13 14 11 18 19 
23 20 22 09 16 10 03 14 01 11 15 06 19 21 13 18 00 08 05 02 17 07 12 04 
06 05 13 10 19 01 00 11 09 08 03 07 18 02 17 16 15 14 12 04 22 23 20 21 
04 17 12 11 00 15 09 13 20 06 18 03 02 07 21 05 23 01 10 22 08 14 19 16 
08 16 11 12 20 14 19 10 00 22 07 02 03 18 05 21 01 23 13 06 04 15 09 17 
22 21 10 13 09 23 20 12 19 04 02 18 07 03 16 17 14 15 11 08 06 01 00 05 
02 13 05 14 03 00 01 22 12 23 19 15 21 06 04 20 07 10 09 17 11 08 16 18 
03 10 21 15 02 20 23 06 11 01 09 14 05 22 08 00 18 13 19 16 12 04 17 07 
10 03 23 16 13 22 21 00 07 05 08 17 01 20 09 06 12 02 04 15 18 19 14 11 
13 02 01 17 10 06 05 20 18 21 04 16 23 00 19 22 11 03 08 14 07 09 15 12 
09 15 07 18 22 17 04 03 06 20 11 13 10 12 01 23 05 21 02 00 19 16 08 14 
01 00 06 19 17 13 02 15 23 12 14 22 09 05 10 07 20 04 21 03 16 18 11 08 
14 19 08 20 05 11 18 01 15 13 23 04 00 16 12 02 09 06 17 07 21 03 10 22 
12 07 15 21 11 04 17 19 02 16 22 05 14 09 00 08 13 18 06 01 03 20 23 10 
17 04 09 22 01 07 12 05 16 02 21 19 06 15 18 13 08 00 14 11 23 10 03 20 
18 11 16 23 07 19 14 04 13 15 20 01 17 08 06 09 02 12 00 05 10 22 21 03