1.0E-4 91.5625
1.2086609E-4 88.28125
1.4608612E-4 86.40625
1.7656868E-4 85.0
2.1341167E-4 83.125
2.5794233E-4 81.71875
3.1176483E-4 80.3125
3.7681815E-4 78.4375
4.5544538E-4 76.5625
5.5047905E-4 75.15625
6.653425E-4 73.75
8.0417347E-4 72.34375
9.71973E-4 70.46875
0.0011747858 68.59375
0.0014199185 67.1875
0.0017161999 65.3125
0.002074305 63.4375
0.0025071313 62.5
0.0030302715 60.625
0.0036625708 59.6875
0.0044268062 58.28125
0.005350508 56.875
0.0064669494 55.46875
0.007816349 54.53125
0.00944732 53.125
0.011418607 52.65625
0.0138012245 51.71875
0.01668101 51.71875
0.020161685 51.25
0.02436864 50.78125
0.029453423 50.78125
0.0355992 50.78125
0.043027386 50.78125
0.05200552 50.78125
0.06285704 50.78125
0.07597285 49.84375
0.09182541 49.84375
0.110985845 49.84375
0.13414425 49.84375
0.16213492 49.84375
0.19596612 49.84375
0.2368566 49.84375
0.28627947 49.84375
0.3460148 49.84375
0.4182146 49.375
0.50547963 49.375
0.61095345 48.90625
0.8925187 47.96875
1.0787524 47.03125
1.5759076 45.15625
1.904738 43.75
2.3021822 42.34375
2.7825608 40.9375
3.3631725 39.0625
4.064935 38.125
4.913128 36.71875
5.938306 34.84375
7.177398 32.96875
8.675041 31.5625
10.485183 29.6875
12.673031 28.28125
15.317396 26.40625
18.51356 24.53125
22.376616 23.125
27.04574 21.25
32.68913 19.375
39.51007 17.96875
47.75428 15.625
57.71873 13.75
69.762375 11.875
84.31905 9.0625
101.91326 7.1875
148.88112 2.5
179.9468 -0.78125
217.49466 -4.0625
262.8773 -7.34375
384.02725 -12.96875
464.15872 -16.71875
561.0105 -19.53125
678.0722 -22.34375
819.5594 -26.5625
990.5694 -29.375
1197.2625 -32.65625
1447.0844 -35.9375
1749.0343 -39.6875
2113.9895 -42.96875
3732.641 -52.34375
5452.8765 -58.90625
6590.6787 -62.1875
7965.896 -65.0
9628.067 -68.28125

