1.0E-4 -88.1525
1.2084254E-4 -88.1525
1.4602927E-4 -88.1525
1.7646547E-4 -88.1525
2.1324548E-4 -88.1525
2.5769125E-4 -87.62463
3.1140065E-4 -87.62463
3.7630464E-4 -87.62463
4.547361E-4 -87.09677
5.4951495E-4 -86.04105
6.640478E-4 -85.5132
8.024527E-4 -84.98534
9.697042E-4 -83.92962
0.0011718151 -82.8739
0.0014160519 -81.818184
0.0017111931 -79.70674
0.0020678493 -77.59531
0.0024988428 -75.48387
0.0030196668 -72.31672
0.003649042 -69.677414
0.004409595 -65.98241
0.005328669 -61.75953
0.0064392993 -57.536655
0.0077814125 -52.258064
0.009403261 -46.97947
0.01136314 -42.7566
0.013731514 -37.478004
0.01659351 -32.727272
0.02005203 -27.97654
0.024231382 -24.809385
0.029281817 -21.64223
0.035384912 -19.002934
0.042760026 -16.891495
0.05167233 -15.307918
0.062442154 -13.72434
0.07545672 -13.196481
0.09118382 -13.196481
0.11018884 -13.196481
0.13315506 -13.72434
0.16090797 -14.780059
0.19444537 -15.835776
0.23497273 -17.419353
0.28394702 -20.058651
0.34312895 -22.697947
0.41464573 -25.865103
0.5010687 -29.560118
0.60550416 -33.78299
0.731707 -39.061584
0.8842133 -43.812317
1.0685064 -49.09091
1.2912096 -54.369503
1.5603312 -59.648094
1.8855449 -63.343105
2.2785416 -68.09384
2.7534459 -72.844574
3.3273358 -75.48387
4.020839 -79.17889
4.8588815 -81.29032
5.871599 -83.92962
7.095393 -86.04105
8.574248 -87.62463
10.361345 -90.26393
12.52092 -92.90322
15.130606 -95.014656
18.284197 -97.65396
22.0951 -99.765396
26.700294 -102.40469
32.265297 -105.571846
38.990223 -109.26687
47.116802 -114.01759
56.937172 -118.24047
68.80428 -123.51906
83.14489 -129.3255
100.47445 -133.54839
121.41581 -138.82698
146.72203 -144.10558
177.30272 -148.85631
214.25723 -153.60704
258.91373 -157.30205
312.87808 -159.94135
378.09003 -163.1085
456.89334 -165.21994
552.1218 -167.33138
667.19836 -168.91496
806.25903 -169.97067
974.3044 -171.55424
1177.3749 -172.0821
1422.7704 -173.13783
1719.3109 -173.66568
2077.6602 -174.19354
2510.6985 -175.24927
3033.9902 -175.24927
3666.3528 -175.77713
4430.516 -175.77713
5353.951 -175.77713
6469.847 -175.77713
7818.3315 -176.305
9447.876 -176.305

