cl 7.008987 8.082606 6.700831 8.493481 6.809419 9.059902 7.265389 9.15321 7.755586 8.801506 7.688163 8.192858 7.354683 8.047075 
cl 5.8343782 8.901522 5.743399 9.676315 6.312756 10.19578 7.204942 9.585337 
cl 4.7878046 8.500175 4.353645 8.987696 4.9042273 9.242371 5.423279 8.796083 
cl 5.5302343 9.858023 4.820007 10.151798 4.797409 11.06218 5.071815 11.44312 5.507636 11.504457 5.8304667 10.597303 
cl 7.317184 10.679548 7.8924093 10.251064 7.9012136 9.989864 
cl 6.839438 10.960915 6.953746 11.386668 7.361277 11.100071 
cl 7.725422 11.335775 7.394096 11.568525 7.5077324 11.884791 7.877394 11.779369 
cl 8.561678 8.609846 8.353088 10.584184 9.417028 11.49692 11.24098 11.079452 11.41823 8.83306 10.362951 8.362578 
cl 11.008962 4.078511 10.700926 4.495693 10.811918 5.06374 11.266463 5.152733 11.756609 4.7995033 11.688149 4.1902494 11.354085 4.045123 
cl 8.787388 4.5031824 8.354411 4.986273 8.905655 5.2368383 9.414804 4.7938385 
cl 9.526288 5.8632526 8.822901 6.151884 8.798648 7.063862 9.075153 7.442234 9.506887 7.5028706 9.827047 6.593318 
cl 9.835871 4.9022703 9.739821 5.6733265 10.310777 6.1962576 11.207231 5.582613 
cl 11.903582 5.9828167 11.321957 6.673835 11.898249 6.252287 
cl 10.837998 6.9604244 10.952456 7.3836184 11.3651085 7.1019907 
cl 11.726794 7.3320284 11.39273 7.5675154 11.507735 7.8837814 11.876027 7.779729 
cl 6.364753 4.3612804 4.558859 4.6091156 4.349294 6.58813 5.415338 7.5011044 7.2430997 7.0765095 7.4198637 4.8314466 
